1
2
5
6
8
10
11
12
13
14
15
17
21
23
24
25
27
28
30
31
35
36
40
42
43
46
48
49
50
51
52
53
58
61
63
64
65
66
69
70
72
73
77
80
82
84
85
86
88
92
93
96
98
99
101
105
106
108
109
110
111
113
115
118
120
121
122
123
128
130
132
135
138
142
146
147
148
150
152
153
154
160
161
162
164
166
168
169
171
172
174
175
176
178
181
182
183
184
187
188
191
192
193
196
197
200
201
202
204
207
210
212
213
214
216
219
220
223
228
229
231
232
233
234
235
239
241
242
243
245
248
249
251
255
262
263
264
266
267
269
270
272
273
275
277
279
282
283
286
287
290
291
292
293
295
296
300
302
304
308
311
312
313
314
315
318
319
322
324
325
330
332
333
334
335
337
344
347
348
353
354
357
362
365
367
368
370
372
373
377
378
380
381
382
383
384
386
387
388
389
390
392
393
394
395
398
399
400
402
404
405
406
415
417
420
421
423
425
426
427
428
429
430
434
436
437
438
439
442
443
447
448
449
450
452
456
458
463
464
470
472
473
475
476
479
480
482
483
487
489
491
493
494
496
497
498
502
503
507
509
510
513
515
518
520
522
524
526
527
529
530
536
538
541
542
543
544
547
548
549
550
552
553
555
556
557
558
560
561
563
564
565
567
571
574
578
580
581
582
583
584
586
589
590
591
592
594
595
597
601
602
603
604
607
608
609
614
616
620
621
622
625
627
628
631
632
633
634
635
636
640
642
643
644
646
647
648
650
652
654
655
657
661
663
664
665
669
670
671
672
675
676
680
681
685
687
689
695
698
699
700
702
703
705
706
707
708
712
714
715
718
719
720
721
722
724
725
727
728
732
733
737
739
746
747
753
760
764
765
768
770
774
775
776
778
779
781
784
787
788
792
794
798
802
806
807
809
810
812
813
814
819
820
822
823
824
829
830
835
836
837
840
841
842
844
846
847
848
851
853
855
857
858
859
860
864
865
866
869
872
873
875
876
877
880
881
882
884
886
887
888
890
894
899
900
901
902
903
905
906
907
908
909
910
912
914
915
918
920
922
926
928
932
933
935
936
937
938
941
942
943
948
950
952
954
955
963
964
965
966
967
968
969
971
972
975
976
978
981
984
985
988
990
991
995
997
1000
1003
1006
1008
1009
1011
1013
1015
1017
1018
1021
1022
1023
1026
1027
1029
1031
1035
1036
1039
1040
1041
1043
1044
1045
1049
1050
1054
1055
1056
1057
1058
1059
1061
1065
1066
1068
1069
1070
1071
1072
1073
1076
1078
1080
1082
1085
1086
1087
1089
1090
1092
1093
1094
1101
1102
1103
1105
1107
1109
1110
1112
1117
1118
1119
1121
1123
1127
1128
1131
1132
1133
1135
1136
1137
1140
1144
1147
1151
1152
1157
1159
1160
1162
1163
1165
1168
1169
1173
1177
1178
1179
1181
1182
1184
1188
1190
1191
1192
1194
1195
1196
1197
1198
1200
1201
1202
1205
1209
1210
1213
1215
1219
1220
1223
1224
1226
1227
1228
1229
1230
1234
1237
1238
1239
1243
1244
1246
1247
1248
1249
1252
1254
1255
1258
1259
1261
1262
1267
1269
1270
1274
1275
1277
1279
1282
1285
1286
1287
1288
1291
1293
1295
1297
1299
1301
1304
1305
1306
1309
1310
1311
1316
1317
1319
1322
1323
1324
1325
1326
1327
1329
1330
1332
1334
1335
1337
1338
1341
1343
1346
1353
1354
1355
1356
1357
1358
1359
1361
1362
1363
1365
1366
1367
1372
1374
1375
1376
1377
1379
1380
1382
1383
1384
1388
1395
1398
1399
1400
1402
1403
1404
1406
1407
1409
1410
1411
1415
1417
1419
1420
1422
1428
1432
1433
1434
1436
1438
1440
1441
1442
1444
1446
1450
1451
1452
1453
1457
1458
1460
1462
1466
1468
1469
1472
1477
1479
1480
1482
1488
1491
1492
1494
1495
1496
1501
1504
1505
1510
1514
1515
1519
1520
1521
1522
1523
1524
1525
1527
1528
1529
1530
1531
1532
1534
1535
1536
1537
1538
1539
1541
1544
1547
1548
1549
1550
1551
1554
1556
1558
1559
1561
1563
1567
1568
1569
1570
1572
1574
1575
1576
1577
1578
1579
1580
1583
1585
1586
1587
1589
1590
1596
1597
1598
1601
1608
1610
1614
1618
1619
1622
1623
1627
1628
1637
1640
1643
1644
1646
1647
1649
1650
1657
1661
1662
1663
1665
1670
1672
1673
1674
1675
1676
1678
1680
1681
1684
1685
1688
1689
1692
1694
1695
1696
1697
1699
1700
1702
1704
1707
1710
1712
1713
1715
1716
1718
1719
1722
1725
1727
1728
1729
1731
1732
1735
1736
1738
1739
1740
1741
1742
1744
1748
1751
1752
1753
1754
1756
1761
1763
1764
1766
1770
1775
1777
1778
1781
1783
1785
1788
1791
1792
1796
1798
1799
1801
1802
1805
1808
1809
1810
1812
1815
1816
1822
1823
1824
1825
1826
1830
1832
1833
1835
1841
1842
1843
1845
1846
1849
1853
1854
1855
1859
1861
1863
1867
1870
1872
1873
1874
1875
1879
1881
1883
1884
1886
1887
1888
1889
1890
1892
1894
1895
1897
1898
1899
1900
1901
1903
1909
1910
1911
1913
1914
1916
1917
1919
1920
1924
1926
1927
1930
1931
1932
1934
1936
1937
1939
1940
1941
1942
1943
1944
1947
1948
1950
1951
1955
1957
1960
1962
1965
1966
1969
1972
1973
1974
1975
1976
1979
1980
1982
1985
1993
1994
1998
2004
2006
2007
2008
2010
2011
2013
2017
2018
2021
2022
2025
2030
2031
2032
2034
2035
2041
2043
2045
2046
2049
2053
2055
2056
2057
2058
2059
2062
2064
2067
2068
2069
2071
2073
2074
2075
2076
2077
2078
2079
2080
2081
2082
2083
2084
2085
2086
2090
2092
2099
2100
2101
2103
2104
2105
2107
2108
2109
2110
2115
2116
2118
2121
2123
2124
2127
2128
2129
2131
2132
2134
2137
2139
2140
2141
2142
2144
2145
2146
2147
2148
2149
2151
2152
2154
2155
2158
2159
2162
2166
2167
2168
2169
2170
2172
2174
2175
2176
2177
2179
2180
2184
2185
2186
2191
2193
2197
2198
2204
2207
2210
2219
2222
2223
2225
2227
2232
2234
2237
2238
2240
2245
2246
2250
2251
2252
2257
2259
2260
2261
2263
2266
2267
2268
2271
2273
2275
2277
2278
2279
2281
2285
2289
2291
2292
2293
2294
2295
2297
2298
2302
2303
2305
2306
2307
2308
2311
2313
2315
2317
2318
2325
2327
2329
2331
2339
2340
2342
2343
2344
2345
2347
2348
2349
2351
2352
2354
2355
2356
2357
2358
2360
2361
2362
2363
2371
2373
2374
2375
2377
2378
2388
2389
2391
2393
2400
2402
2404
2408
2409
2410
2411
2412
2414
2419
2420
2421
2424
2427
2429
2433
2434
2435
2436
2440
2441
2442
2443
2445
2446
2447
2449
2456
2457
2458
2460
2462
2468
2469
2476
2477
2479
2480
2482
2483
2484
2494
2496
2497
2503
2505
2507
2510
2514
2515
2517
2525
2526
2527
2528
2529
2530
2531
2532
2536
2537
2541
2542
2543
2544
2550
2551
2552
2553
2556
2558
2560
2562
2564
2565
2568
2570
2573
2580
2581
2583
2585
2586
2587
2588
2589
2591
2593
2594
2595
2596
2597
2598
2599
2601
2603
2604
2605
2606
2608
2609
2611
2613
2615
2616
2617
2618
2619
2620
2621
2623
2624
2625
2626
2627
2628
2629
2630
2631
2632
2633
2634
2635
2636
2640
2641
2643
2644
2645
2646
2647
2648
2650
2654
2655
2658
2661
2663
2664
2665
2666
2669
2670
2672
2675
2676
2678
2679
2681
2682
2683
2687
2689
2690
2696
2699
2700
2702
2706
2707
2709
2710
2713
2714
2715
2716
2718
2719
2720
2724
2726
2728
2733
2739
2740
2741
2743
2744
2746
2747
2749
2751
2753
2755
2756
2758
2759
2762
2763
2764
2765
2769
2770
2774
2775
2776
2777
2778
2781
2782
2783
2789
2790
2794
2796
2799
2800
2802
2805
2807
2808
2811
2812
2813
2814
2815
2816
2821
2822
2825
2826
2827
2828
2829
2834
2837
2841
2842
2844
2845
2848
2849
2850
2851
2852
2854
2855
2856
2858
2859
2861
2863
2864
2866
2870
2873
2874
2878
2879
2884
2886
2887
2888
2889
2891
2892
2895
2896
2897
2899
2901
2903
2904
2905
2907
2908
2909
2915
2917
2920
2922
2923
2925
2926
2927
2928
2929
2931
2932
2935
2936
2937
2939
2941
2944
2945
2946
2947
2953
2954
2955
2960
2961
2962
2965
2966
2967
2968
2970
2971
2973
2974
2977
2978
2981
2982
2984
2986
2987
2988
2989
2992
2993
2994
2997
2998
3003
3004
3010
3012
3014
3016
3017
3018
3020
3022
3027
3029
3033
3036
3040
3042
3048
3049
3053
3055
3059
3060
3062
3063
3064
3065
3072
3073
3075
3079
3084
3089
3092
3093
3096
3098
3100
3104
3106
3108
3109
3110
3111
3115
3116
3117
3119
3120
3125
3126
3127
3128
3129
3130
3135
3139
3140
3142
3148
3150
3151
3152
3153
3156
3160
3164
3165
3167
3172
3173
3176
3178
3180
3181
3183
3184
3185
3187
3191
3192
3193
3195
3199
3200
3209
3211
3212
3214
3215
3222
3224
3225
3227
3228
3231
3234
3235
3236
3238
3239
3243
3244
3247
3248
3251
3252
3254
3255
3258
3259
3262
3263
3270
3271
3272
3273
3278
3279
3283
3287
3288
3291
3292
3295
3298
3300
3301
3302
3304
3305
3306
3308
3309
3313
3314
3316
3318
3319
3320
3322
3323
3324
3325
3329
3330
3333
3334
3335
3336
3337
3339
3340
3344
3345
3351
3355
3359
3360
3363
3365
3366
3367
3369
3370
3371
3372
3373
3375
3376
3378
3380
3381
3382
3383
3386
3387
3388
3389
3391
3393
3396
3399
3400
3401
3402
3403
3405
3408
3410
3411
3413
3416
3421
3422
3423
3424
3425
3434
3435
3436
3440
3441
3442
3443
3445
3446
3447
3450
3454
3455
3456
3457
3458
3463
3467
3469
3472
3477
3478
3481
3482
3486
3487
3489
3492
3493
3494
3496
3498
3500
3501
3502
3504
3506
3507
3508
3509
3510
3511
3512
3515
3516
3519
3520
3521
3522
3525
3527
3528
3530
3537
3538
3539
3540
3547
3550
3552
3557
3559
3560
3561
3566
3568
3569
3573
3579
3580
3581
3582
3583
3587
3589
3590
3591
3592
3593
3595
3597
3598
3600
3601
3603
3609
3611
3614
3617
3618
3619
3620
3621
3623
3625
3627
3631
3632
3633
3636
3639
3640
3643
3646
3651
3652
3654
3655
3656
3657
3658
3660
3663
3667
3669
3670
3671
3672
3673
3674
3675
3678
3679
3681
3683
3684
3686
3687
3688
3691
3692
3693
3694
3697
3699
3701
3703
3705
3706
3714
3716
3717
3722
3724
3725
3726
3728
3730
3731
3733
3735
3736
3738
3739
3740
3742
3743
3745
3746
3748
3752
3753
3754
3756
3758
3759
3761
3762
3763
3764
3767
3769
3770
3774
3775
3776
3777
3778
3779
3780
3781
3782
3783
3786
3787
3788
3789
3794
3799
3800
3806
3807
3808
3810
3813
3814
3816
3817
3818
3820
3823
3824
3826
3827
3831
3832
3833
3834
3835
3837
3838
3842
3844
3846
3849
3850
3855
3856
3859
3860
3863
3864
3865
3866
3870
3872
3873
3875
3876
3877
3879
3883
3884
3889
3895
3897
3899
3902
3903
3907
3908
3911
3912
3915
3920
3921
3922
3924
3926
3928
3929
3931
3933
3937
3938
3939
3943
3944
3946
3947
3949
3951
3954
3956
3958
3960
3961
3962
3964
3967
3969
3970
3971
3972
3975
3979
3983
3984
3985
3986
3987
3988
3989
3991
3992
3993
3996
3998
3999
4000
4003
4009
4011
4012
4015
4016
4021
4023
4024
4026
4028
4029
4031
4034
4038
4041
4042
4043
4046
4047
4049
4051
4053
4055
4056
4058
4064
4068
4071
4073
4074
4076
4083
4086
4091
4093
4095
4099
4107
4110
4113
4115
4117
4118
4120
4121
4122
4124
4126
4129
4130
4133
4138
4140
4141
4142
4144
4145
4146
4151
4152
4153
4154
4157
4158
4159
4160
4162
4168
4169
4174
4175
4176
4177
4179
4180
4181
4182
4184
4185
4187
4190
4193
4194
4195
4197
4200
4202
4204
4205
4207
4209
4211
4214
4221
4222
4223
4225
4226
4228
4229
4230
4234
4236
4237
4238
4239
4240
4241
4242
4243
4244
4245
4246
4247
4248
4249
4250
4252
4253
4258
4259
4261
4262
4263
4265
4270
4276
4277
4278
4279
4281
4282
4284
4285
4286
4287
4289
4290
4293
4294
4297
4299
4300
4302
4304
4307
4310
4311
4312
4315
4316
4318
4323
4324
4329
4332
4334
4335
4337
4338
4339
4340
4341
4342
4345
4346
4347
4348
4350
4351
4352
4353
4358
4362
4363
4367
4368
4370
4371
4372
4377
4381
4382
4383
4384
4387
4390
4392
4394
4395
4396
4397
4398
4399
4401
4402
4403
4404
4406
4407
4409
4410
4411
4412
4413
4414
4416
4418
4420
4421
4423
4424
4426
4430
4431
4433
4434
4435
4438
4439
4440
4441
4443
4444
4445
4446
4448
4450
4451
4452
4455
4457
4459
4461
4464
4465
4467
4468
4469
4470
4474
4479
4485
4488
4489
4492
4494
4497
4500
4501
4503
4509
4510
4516
4517
4518
4521
4525
4526
4527
4528
4530
4533
4534
4536
4537
4538
4540
4542
4543
4544
4545
4550
4552
4554
4555
4556
4557
4559
4560
4562
4566
4567
4570
4571
4573
4575
4577
4580
4582
4586
4587
4590
4592
4594
4598
4599
4600
4601
4606
4608
4611
4612
4614
4617
4620
4621
4630
4633
4634
4636
4637
4639
4641
4642
4643
4646
4647
4649
4653
4654
4655
4657
4660
4661
4663
4667
4668
4670
4671
4675
4676
4677
4678
4679
4681
4683
4685
4687
4688
4689
4690
4692
4693
4696
4697
4703
4704
4705
4706
4708
4710
4711
4712
4713
4714
4716
4722
4724
4727
4733
4735
4736
4737
4738
4739
4742
4744
4745
4747
4753
4758
4759
4762
4766
4768
4769
4773
4775
4776
4777
4779
4782
4786
4787
4788
4791
4792
4793
4794
4795
4798
4799
4800
4801
4802
4803
4805
4808
4809
4810
4816
4818
4822
4823
4824
4827
4828
4830
4832
4834
4835
4836
4837
4841
4843
4844
4845
4847
4848
4849
4850
4852
4853
4855
4856
4858
4860
4861
4862
4863
4864
4865
4870
4871
4874
4875
4877
4878
4879
4882
4883
4886
4888
4889
4890
4898
4900
4901
4902
4905
4913
4916
4918
4923
4925
4927
4929
4931
4934
4935
4937
4939
4940
4941
4944
4947
4949
4954
4958
4959
4961
4967
4970
4971
4976
4977
4980
4982
4983
4985
4988
4989
4992
4993
4995
4997
4998
5000
5001
5002
5004
5006
5007
5009
5012
5014
5018
5019
5021
5022
5023
5024
5025
5027
5028
5029
5031
5037
5038
5039
5041
5045
5048
5049
5050
5053
5054
5055
5056
5057
5060
5061
5063
5065
5066
5067
5068
5069
5070
5073
5075
5081
5085
5087
5089
5090
5093
5095
5096
5098
5100
5109
5110
5111
5112
5114
5115
5117
5119
5121
5122
5124
5125
5126
5128
5129
5131
5132
5136
5137
5139
5142
5143
5144
5145
5148
5149
5152
5154
5160
5161
5162
5164
5166
5167
5169
5171
5176
5177
5181
5184
5185
5189
5190
5191
5192
5193
5194
5195
5200
5201
5203
5208
5209
5212
5214
5216
5217
5219
5223
5225
5226
5230
5232
5236
5238
5240
5241
5242
5243
5245
5246
5247
5252
5253
5256
5259
5260
5261
5262
5263
5265
5266
5269
5270
5271
5272
5277
5278
5279
5280
5283
5286
5288
5290
5291
5296
5297
5300
5301
5305
5306
5308
5309
5312
5314
5316
5317
5318
5321
5323
5325
5327
5329
5330
5332
5333
5334
5339
5340
5341
5343
5344
5348
5354
5355
5356
5357
5358
5361
5365
5369
5370
5371
5373
5375
5383
5384
5385
5389
5390
5391
5392
5394
5395
5396
5397
5399
5401
5404
5405
5410
5419
5422
5423
5426
5428
5430
5431
5432
5433
5438
5445
5446
5448
5449
5450
5453
5454
5458
5459
5460
5463
5466
5467
5468
5473
5475
5476
5478
5482
5484
5486
5487
5489
5492
5495
5499
5501
5504
5505
5507
5509
5511
5514
5516
5518
5519
5520
5522
5523
5524
5529
5533
5534
5536
5539
5542
5546
5547
5551
5552
5554
5555
5558
5559
5561
5562
5563
5564
5566
5568
5569
5570
5571
5573
5574
5576
5577
5580
5582
5584
5587
5588
5590
5592
5593
5594
5595
5597
5599
5600
5605
5609
5610
5612
5617
5618
5619
5622
5624
5625
5628
5630
5633
5634
5637
5640
5641
5644
5647
5648
5649
5650
5653
5654
5658
5659
5661
5662
5663
5665
5668
5669
5670
5671
5674
5675
5676
5677
5678
5682
5684
5687
5693
5694
5695
5696
5700
5701
5702
5704
5708
5709
5710
5713
5715
5716
5718
5720
5721
5723
5725
5728
5730
5732
5733
5734
5736
5737
5738
5739
5743
5744
5748
5752
5754
5755
5756
5757
5759
5761
5762
5763
5765
5766
5768
5769
5770
5773
5774
5776
5778
5780
5781
5783
5786
5787
5790
5792
5794
5797
5798
5799
5803
5808
5810
5811
5814
5818
5819
5820
5821
5824
5825
5826
5828
5829
5830
5833
5836
5837
5838
5839
5841
5843
5844
5847
5850
5853
5855
5856
5862
5865
5867
5868
5869
5870
5873
5875
5878
5880
5886
5887
5888
5890
5891
5892
5893
5895
5900
5901
5905
5906
5913
5915
5916
5919
5920
5921
5923
5925
5926
5928
5932
5933
5934
5936
5940
5941
5944
5945
5946
5948
5949
5955
5956
5958
5959
5960
5961
5962
5963
5965
5968
5970
5972
5973
5974
5976
5977
5981
5983
5985
5987
5988
5990
5991
5992
5998
5999
6000
6001
6005
6006
6009
6010
6012
6013
6014
6015
6019
6020
6021
6022
6028
6029
6032
6033
6035
6043
6045
6046
6052
6053
6055
6058
6060
6061
6062
6065
6067
6068
6070
6072
6073
6074
6076
6077
6078
6079
6081
6083
6085
6086
6087
6089
6090
6093
6095
6096
6098
6099
6103
6106
6107
6109
6111
6113
6114
6118
6120
6125
6129
6135
6136
6137
6139
6141
6142
6144
6145
6147
6149
6151
6153
6156
6157
6158
6164
6168
6170
6171
6173
6175
6176
6179
6180
6187
6188
6189
6190
6192
6194
6198
6200
6201
6202
6203
6206
6207
6208
6209
6210
6211
6213
6214
6216
6217
6218
6219
6221
6223
6225
6228
6232
6233
6236
6237
6240
6242
6244
6245
6246
6247
6248
6250
6252
6256
6257
6258
6259
6260
6262
6264
6269
6270
6272
6273
6274
6275
6282
6284
6286
6291
6292
6293
6294
6295
6296
6297
6310
6313
6314
6315
6317
6320
6322
6323
6327
6328
6329
6331
6332
6338
6339
6340
6341
6342
6343
6345
6351
6352
6354
6355
6356
6357
6359
6360
6361
6362
6364
6369
6370
6372
6377
6380
6386
6391
6392
6396
6401
6402
6407
6411
6412
6413
6416
6417
6418
6420
6421
6422
6423
6425
6427
6429
6431
6432
6435
6438
6439
6441
6442
6443
6445
6452
6453
6454
6455
6457
6458
6460
6461
6462
6464
6465
6466
6474
6477
6479
6480
6482
6484
6485
6487
6488
6490
6494
6498
6501
6502
6506
6508
6509
6511
6514
6516
6517
6518
6525
6527
6528
6530
6531
6532
6533
6534
6537
6538
6540
6541
6543
6544
6545
6546
6548
6549
6551
6554
6556
6557
6559
6561
6562
6566
6568
6569
6573
6574
6575
6579
6580
6581
6586
6587
6588
6589
6592
6593
6595
6596
6598
6599
6600
6609
6611
6612
6613
6615
6618
6625
6626
6629
6630
6633
6634
6636
6637
6638
6639
6642
6644
6648
6650
6653
6655
6656
6657
6665
6667
6668
6669
6670
6671
6675
6676
6678
6680
6682
6684
6685
6686
6687
6691
6692
6693
6696
6698
6700
6701
6702
6703
6704
6708
6713
6714
6715
6717
6722
6724
6728
6730
6733
6737
6738
6742
6743
6744
6745
6749
6750
6753
6755
6759
6762
6763
6764
6771
6772
6774
6776
6777
6779
6781
6784
6785
6786
6789
6790
6791
6792
6795
6801
6802
6803
6806
6807
6808
6809
6810
6812
6813
6814
6816
6822
6823
6824
6826
6828
6829
6830
6832
6836
6838
6840
6842
6843
6847
6848
6849
6851
6853
6857
6858
6859
6863
6864
6865
6869
6871
6878
6879
6881
6883
6885
6889
6890
6891
6894
6895
6896
6899
6903
6906
6908
6909
6910
6911
6912
6919
6920
6921
6922
6925
6926
6927
6932
6934
6935
6937
6941
6942
6943
6945
6946
6947
6948
6949
6951
6952
6953
6955
6959
6961
6967
6969
6972
6975
6976
6979
6981
6982
6985
6986
6991
6995
6997
6998
7000
7001
7003
7004
7005
7008
7011
7012
7015
7016
7018
7020
7022
7026
7027
7028
7030
7031
7034
7035
7036
7037
7040
7045
7046
7049
7052
7054
7055
7057
7058
7059
7062
7063
7065
7066
7069
7071
7072
7074
7075
7076
7078
7080
7081
7083
7085
7087
7088
7089
7092
7096
7097
7100
7102
7105
7109
7114
7116
7117
7121
7122
7125
7126
7127
7128
7131
7132
7138
7142
7144
7145
7146
7148
7149
7151
7154
7156
7157
7159
7160
7162
7165
7166
7167
7171
7172
7173
7175
7176
7178
7179
7180
7185
7186
7188
7192
7193
7199
7200
7206
7207
7208
7210
7211
7212
7213
7214
7218
7219
7222
7223
7227
7228
7230
7235
7237
7238
7241
7242
7243
7245
7246
7247
7248
7249
7250
7251
7252
7253
7254
7255
7256
7264
7267
7269
7270
7272
7279
7282
7283
7284
7287
7288
7289
7291
7293
7294
7295
7297
7298
7300
7301
7304
7306
7307
7310
7311
7312
7314
7315
7316
7320
7321
7322
7325
7328
7329
7330
7332
7337
7339
7342
7345
7346
7348
7350
7352
7353
7354
7355
7356
7357
7358
7360
7363
7364
7366
7368
7369
7374
7377
7380
7387
7388
7389
7394
7399
7400
7401
7403
7406
7408
7409
7410
7413
7414
7416
7423
7424
7426
7429
7431
7432
7434
7435
7436
7437
7440
7445
7447
7448
7450
7453
7458
7460
7461
7464
7466
7469
7470
7474
7477
7478
7479
7480
7481
7483
7484
7485
7487
7489
7495
7496
7498
7499
7500
7502
7504
7505
7506
7508
7514
7515
7516
7518
7521
7523
7524
7527
7529
7531
7532
7536
7538
7539
7541
7542
7544
7545
7546
7550
7551
7553
7557
7558
7559
7560
7561
7563
7567
7569
7571
7573
7574
7576
7579
7581
7583
7584
7586
7590
7591
7592
7593
7595
7596
7597
7599
7601
7603
7606
7607
7609
7610
7611
7612
7613
7615
7616
7618
7619
7621
7622
7625
7628
7629
7631
7634
7635
7646
7648
7650
7651
7652
7654
7656
7657
7658
7659
7660
7661
7665
7667
7668
7670
7673
7674
7675
7678
7679
7680
7681
7682
7683
7684
7686
7687
7689
7692
7694
7695
7696
7697
7698
7700
7706
7708
7711
7715
7718
7721
7722
7725
7727
7730
7732
7733
7734
7736
7741
7742
7743
7744
7747
7748
7754
7759
7760
7761
7762
7765
7768
7769
7772
7774
7776
7777
7781
7782
7784
7786
7787
7788
7792
7795
7796
7797
7798
7801
7802
7804
7806
7807
7808
7809
7810
7812
7814
7818
7821
7822
7823
7824
7825
7826
7828
7829
7830
7832
7835
7836
7840
7841
7842
7843
7844
7846
7847
7849
7850
7851
7852
7853
7854
7855
7856
7857
7860
7861
7864
7865
7866
7869
7870
7873
7874
7878
7882
7885
7886
7887
7889
7890
7891
7894
7895
7897
7899
7901
7902
7907
7908
7911
7912
7913
7914
7916
7917
7918
7919
7920
7921
7923
7925
7926
7931
7932
7934
7935
7936
7938
7941
7942
7944
7946
7947
7950
7953
7954
7957
7959
7960
7963
7964
7965
7966
7967
7969
7970
7971
7972
7973
7975
7978
7979
7980
7981
7982
7985
7987
7988
7989
7991
7992
7994
8002
8008
8009
8011
8012
8014
8015
8017
8021
8022
8023
8025
8027
8029
8030
8031
8032
8037
8038
8039
8040
8042
8044
8046
8048
8049
8050
8058
8059
8060
8061
8062
8063
8066
8067
8068
8069
8070
8072
8073
8075
8076
8077
8080
8088
8089
8091
8092
8093
8095
8097
8098
8104
8105
8106
8107
8109
8110
8111
8112
8113
8116
8117
8118
8119
8122
8130
8132
8135
8137
8138
8139
8143
8144
8146
8148
8153
8154
8157
8158
8159
8160
8161
8168
8173
8175
8177
8178
8179
8181
8182
8183
8185
8188
8189
8191
8194
8197
8198
8199
8201
8203
8205
8207
8210
8213
8216
8217
8221
8222
8223
8224
8227
8229
8230
8233
8234
8237
8240
8241
8243
8246
8248
8250
8251
8255
8257
8259
8261
8263
8265
8266
8267
8269
8271
8272
8273
8276
8280
8281
8283
8287
8288
8289
8290
8291
8292
8297
8299
8300
8304
8306
8307
8309
8311
8312
8313
8314
8317
8318
8319
8321
8323
8324
8325
8326
8327
8328
8329
8330
8336
8337
8338
8339
8340
8341
8342
8343
8344
8347
8348
8350
8351
8352
8354
8356
8357
8358
8360
8362
8364
8366
8370
8374
8375
8376
8377
8379
8380
8381
8385
8387
8392
8393
8397
8399
8402
8404
8405
8406
8411
8413
8414
8416
8417
8418
8419
8421
8425
8426
8427
8428
8432
8433
8434
8436
8441
8445
8447
8448
8451
8453
8456
8460
8462
8465
8466
8469
8471
8475
8477
8478
8481
8482
8484
8486
8487
8489
8491
8492
8493
8495
8496
8498
8500
8503
8508
8510
8511
8515
8516
8517
8518
8519
8523
8524
8525
8527
8528
8529
8531
8532
8533
8535
8536
8537
8539
8540
8544
8548
8550
8553
8555
8558
8562
8564
8565
8568
8571
8572
8573
8574
8580
8585
8589
8590
8594
8596
8597
8598
8601
8604
8605
8611
8613
8615
8616
8621
8622
8623
8625
8632
8633
8634
8635
8636
8638
8641
8642
8643
8644
8646
8647
8648
8649
8650
8652
8654
8655
8658
8659
8665
8666
8668
8673
8677
8678
8685
8687
8690
8691
8693
8695
8698
8700
8702
8703
8704
8705
8706
8710
8711
8712
8713
8715
8716
8718
8720
8722
8723
8724
8726
8728
8729
8732
8733
8734
8735
8742
8743
8745
8746
8749
8750
8751
8755
8757
8759
8760
8766
8770
8771
8772
8773
8774
8776
8779
8781
8783
8784
8788
8789
8791
8792
8793
8794
8795
8796
8799
8800
8801
8803
8805
8806
8807
8809
8810
8812
8813
8815
8819
8823
8824
8827
8829
8830
8831
8832
8833
8834
8835
8836
8837
8838
8839
8841
8842
8846
8847
8850
8852
8853
8855
8856
8857
8859
8860
8862
8863
8866
8867
8868
8869
8871
8873
8874
8875
8876
8880
8881
8882
8885
8889
8890
8891
8893
8895
8897
8898
8899
8900
8902
8903
8906
8907
8908
8909
8912
8913
8914
8917
8918
8921
8923
8924
8925
8926
8927
8928
8930
8932
8935
8937
8939
8940
8942
8943
8945
8948
8950
8951
8952
8953
8957
8959
8961
8963
8965
8969
8970
8971
8972
8973
8975
8977
8981
8982
8985
8987
8988
8989
8990
8992
8995
9000
9001
9002
9003
9005
9006
9007
9012
9016
9017
9018
9019
9026
9028
9030
9032
9033
9034
9036
9038
9040
9042
9043
9046
9047
9050
9052
9054
9060
9061
9063
9064
9065
9066
9067
9069
9072
9073
9075
9076
9078
9081
9084
9088
9089
9091
9093
9094
9095
9096
9097
9101
9103
9106
9107
9109
9110
9112
9114
9115
9118
9119
9120
9125
9126
9128
9130
9132
9134
9139
9141
9146
9151
9154
9156
9158
9160
9161
9162
9163
9169
9170
9171
9172
9175
9178
9179
9180
9187
9189
9191
9192
9193
9194
9195
9196
9197
9199
9200
9205
9207
9209
9211
9212
9216
9218
9220
9221
9225
9230
9231
9234
9235
9236
9240
9241
9242
9243
9247
9248
9250
9251
9255
9256
9261
9262
9263
9269
9270
9271
9277
9285
9288
9289
9290
9292
9294
9295
9297
9299
9305
9306
9307
9308
9309
9311
9314
9315
9316
9318
9320
9325
9326
9331
9334
9335
9337
9339
9340
9341
9342
9344
9345
9346
9348
9351
9354
9360
9362
9364
9365
9368
9369
9370
9371
9373
9374
9375
9376
9377
9378
9379
9381
9383
9385
9386
9387
9390
9393
9394
9395
9398
9400
9404
9405
9407
9408
9409
9411
9414
9415
9416
9417
9418
9419
9420
9421
9422
9424
9428
9430
9432
9433
9435
9436
9439
9440
9441
9443
9446
9447
9449
9450
9452
9453
9454
9455
9456
9457
9460
9461
9462
9463
9466
9470
9471
9473
9476
9478
9480
9481
9482
9483
9489
9490
9491
9492
9493
9501
9504
9505
9506
9509
9512
9513
9519
9521
9529
9531
9533
9534
9535
9536
9537
9538
9540
9541
9543
9544
9548
9550
9551
9552
9555
9558
9559
9560
9563
9565
9566
9567
9568
9571
9573
9575
9576
9577
9579
9580
9582
9585
9587
9588
9589
9590
9592
9593
9594
9596
9601
9604
9605
9607
9608
9609
9610
9614
9619
9620
9621
9622
9623
9626
9627
9628
9629
9631
9633
9634
9636
9641
9642
9643
9644
9647
9648
9650
9652
9653
9655
9656
9657
9660
9661
9663
9664
9667
9673
9674
9675
9677
9681
9682
9683
9687
9688
9690
9691
9693
9695
9697
9699
9702
9706
9707
9708
9709
9712
9714
9715
9717
9718
9719
9721
9722
9723
9728
9730
9731
9732
9734
9737
9739
9744
9747
9749
9751
9752
9753
9754
9755
9758
9759
9760
9762
9764
9767
9768
9770
9771
9773
9774
9775
9776
9777
9778
9780
9781
9782
9783
9784
9785
9789
9791
9795
9797
9798
9800
9801
9808
9809
9813
9814
9815
9816
9817
9818
9820
9823
9824
9828
9831
9832
9833
9835
9841
9843
9844
9846
9847
9850
9851
9852
9854
9857
9860
9864
9868
9872
9873
9874
9876
9877
9879
9881
9883
9885
9888
9890
9891
9893
9895
9897
9898
9899
9902
9903
9905
9907
9908
9909
9910
9911
9913
9914
9915
9916
9920
9921
9922
9923
9924
9925
9927
9929
9930
9931
9934
9935
9936
9938
9939
9940
9944
9946
9947
9949
9951
9952
9954
9956
9959
9961
9962
9963
9965
9966
9969
9970
9971
9974
9977
9978
9979
9982
9984
9986
9989
9992
9995
9997
9999
10000
10002
10003
10004
10005
10008
10010
10011
10014
10015
10016
10017
10020
10021
10023
10024
10025
10030
10032
10033
10034
10035
10036
10037
10043
10045
10046
10047
10051
10052
10056
10061
10062
10064
10065
10066
10067
10069
10073
10074
10077
10079
10080
10082
10085
10086
10092
10098
10100
10101
10102
10104
10105
10106
10107
10110
10111
10112
10115
10117
10119
10120
10121
10122
10123
10124
10125
10131
10134
10138
10141
10144
10145
10147
10150
10152
10153
10154
10155
10158
10159
10160
10161
10171
10172
10174
10175
10176
10177
10178
10180
10181
10182
10184
10185
10186
10188
10189
10192
10194
10195
10196
10203
10206
10207
10210
10211
10214
10215
10216
10222
10223
10228
10231
10232
10235
10236
10238
10239
10246
10249
10250
10251
10254
10255
10256
10257
10261
10265
10266
10267
10268
10271
10273
10275
10277
10278
10285
10288
10292
10297
10301
10302
10304
10306
10307
10308
10309
10311
10312
10314
10317
10324
10326
10327
10330
10334
10335
10336
10338
10344
10346
10348
10349
10350
10351
10353
10354
10356
10358
10359
10360
10361
10364
10365
10366
10369
10371
10374
10375
10376
10384
10385
10387
10388
10390
10391
10394
10396
10397
10398
10401
10404
10405
10406
10408
10410
10413
10414
10415
10416
10418
10419
10420
10423
10424
10425
10428
10429
10431
10434
10438
10440
10442
10444
10445
10446
10447
10448
10450
10451
10452
10454
10455
10456
10457
10460
10465
10467
10469
10470
10473
10476
10482
10484
10485
10488
10490
10491
10494
10497
10502
10505
10506
10510
10513
10515
10517
10518
10519
10520
10521
10522
10523
10524
10525
10527
10528
10530
10532
10538
10539
10540
10541
10543
10544
10547
10548
10550
10551
10552
10553
10556
10558
10559
10560
10561
10562
10563
10564
10569
10571
10572
10576
10578
10580
10583
10585
10587
10592
10593
10594
10596
10597
10598
10599
10600
10604
10605
10606
10607
10614
10616
10617
10618
10625
10627
10628
10629
10631
10632
10634
10636
10637
10641
10642
10643
10645
10646
10647
10648
10649
10650
10652
10653
10658
10660
10661
10662
10663
10664
10669
10670
10671
10673
10674
10683
10684
10685
10686
10690
10691
10693
10695
10698
10699
10700
10701
10704
10705
10708
10714
10718
10720
10721
10722
10724
10725
10726
10727
10728
10729
10732
10733
10735
10736
10739
10740
10741
10745
10747
10750
10753
10755
10756
10757
10758
10759
10760
10761
10762
10766
10767
10768
10769
10772
10775
10776
10778
10782
10783
10785
10786
10788
10791
10792
10795
10799
10801
10802
10806
10808
10809
10810
10814
10815
10817
10818
10819
10820
10821
10824
10829
10831
10832
10833
10834
10836
10837
10842
10843
10847
10850
10852
10853
10854
10858
10862
10863
10865
10869
10870
10876
10878
10881
10883
10887
10889
10890
10892
10893
10896
10897
10898
10899
10900
10902
10903
10905
10906
10907
10908
10918
10919
10922
10923
10925
10926
10929
10932
10934
10944
10945
10946
10947
10952
10958
10960
10963
10964
10967
10974
10976
10980
10981
10984
10985
10986
10987
10988
10989
10991
10993
10995
10996
10997
10998
10999
11003
11005
11007
11009
11010
11012
11015
11017
11019
11020
11022
11025
11027
11028
11032
11035
11036
11037
11038
11039
11040
11041
11042
11043
11044
11045
11047
11049
11050
11052
11053
11055
11056
11060
11061
11062
11064
11065
11066
11069
11070
11071
11073
11075
11079
11080
11082
11085
11086
11090
11093
11095
11096
11098
11101
11103
11109
11110
11112
11113
11114
11120
11121
11122
11123
11124
11126
11127
11130
11132
11134
11137
11140
11141
11144
11149
11151
11153
11159
11161
11164
11168
11172
11173
11174
11180
11182
11183
11184
11187
11189
11191
11192
11196
11199
11200
11202
11203
11205
11207
11208
11212
11215
11218
11220
11221
11223
11230
11232
11233
11236
11239
11240
11241
11242
11244
11246
11247
11248
11249
11250
11252
11255
11256
11259
11263
11267
11270
11271
11274
11275
11276
11277
11278
11280
11281
11283
11284
11285
11286
11288
11294
11296
11301
11302
11303
11304
11306
11308
11310
11311
11312
11315
11319
11320
11321
11322
11323
11325
11326
11327
11331
11336
11339
11341
11342
11345
11346
11347
11348
11351
11352
11355
11357
11359
11361
11364
11365
11366
11367
11368
11369
11370
11372
11373
11375
11378
11379
11380
11383
11384
11387
11389
11390
11394
11395
11397
11400
11407
11410
11414
11420
11424
11425
11426
11432
11433
11434
11435
11436
11437
11439
11441
11443
11446
11450
11453
11454
11455
11457
11460
11462
11463
11465
11466
11467
11469
11470
11471
11472
11473
11475
11476
11477
11478
11484
11488
11489
11490
11491
11492
11493
11495
11498
11499
11500
11501
11507
11510
11511
11514
11515
11517
11519
11520
11522
11523
11525
11528
11529
11530
11531
11532
11533
11539
11540
11541
11545
11547
11548
11549
11551
11553
11555
11556
11558
11559
11560
11562
11567
11570
11572
11575
11576
11580
11582
11584
11588
11590
11591
11593
11596
11597
11598
11600
11602
11603
11604
11607
11609
11610
11612
11613
11614
11615
11616
11617
11619
11622
11624
11626
11627
11634
11635
11638
11639
11640
11641
11643
11644
11646
11647
11649
11650
11651
11656
11657
11661
11663
11664
11667
11670
11671
11672
11674
11675
11677
11679
11681
11684
11687
11688
11689
11690
11692
11693
11694
11695
11696
11697
11698
11699
11700
11701
11705
11706
11707
11708
11709
11711
11712
11713
11718
11720
11722
11725
11728
11729
11730
11738
11739
11740
11743
11746
11749
11750
11751
11754
11755
11757
11758
11761
11762
11764
11766
11767
11768
11772
11773
11775
11778
11780
11781
11784
11785
11787
11788
11792
11793
11794
11795
11801
11803
11805
11806
11807
11809
11810
11813
11819
11820
11821
11822
11823
11824
11827
11828
11829
11830
11837
11838
11843
11845
11847
11848
11849
11850
11851
11853
11855
11859
11864
11866
11868
11871
11873
11874
11875
11877
11878
11879
11881
11885
11886
11889
11891
11896
11897
11898
11899
11903
11904
11907
11908
11909
11911
11916
11917
11918
11921
11923
11925
11928
11930
11934
11935
11937
11939
11940
11941
11942
11943
11946
11947
11948
11949
11952
11953
11954
11956
11962
11964
11965
11967
11968
11969
11972
11973
11979
11980
11981
11989
11991
11992
11998
12000
12002
12003
12004
12007
12010
12011
12013
12015
12018
12019
12020
12021
12023
12024
12030
12031
12034
12035
12036
12037
12040
12041
12043
12046
12049
12050
12051
12057
12058
12060
12061
12064
12065
12069
12070
12071
12072
12073
12074
12076
12077
12078
12079
12080
12081
12082
12084
12085
12087
12089
12090
12091
12092
12094
12095
12097
12101
12108
12109
12111
12114
12117
12118
12119
12120
12122
12125
12126
12130
12131
12132
12133
12134
12140
12144
12152
12153
12155
12157
12160
12161
12162
12163
12168
12172
12174
12175
12177
12178
12180
12181
12182
12184
12185
12186
12188
12189
12193
12196
12197
12198
12199
12200
12202
12203
12206
12210
12214
12215
12217
12218
12219
12221
12223
12224
12227
12228
12229
12230
12231
12232
12235
12237
12238
12244
12246
12247
12249
12251
12253
12255
12256
12257
12258
12259
12264
12266
12268
12269
12270
12271
12272
12274
12275
12281
12282
12283
12284
12287
12289
12290
12292
12293
12294
12297
12299
12300
12306
12309
12312
12313
12316
12318
12319
12323
12324
12325
12326
12327
12333
12335
12336
12344
12346
12348
12349
12352
12353
12355
12357
12358
12360
12362
12364
12366
12368
12371
12372
12374
12376
12377
12379
12381
12382
12383
12385
12388
12390
12391
12392
12393
12394
12397
12398
12401
12407
12408
12409
12410
12411
12412
12413
12415
12416
12417
12418
12422
12425
12428
12433
12434
12435
12436
12437
12440
12441
12442
12443
12444
12445
12446
12447
12449
12450
12455
12456
12457
12458
12459
12460
12462
12463
12467
12468
12469
12470
12472
12475
12477
12478
12479
12481
12482
12486
12487
12488
12491
12492
12493
12495
12497
12498
12501
12504
12505
12506
12507
12508
12511
12515
12517
12520
12521
12522
12525
12527
12528
12529
12531
12532
12534
12536
12537
12539
12541
12542
12543
12545
12550
12552
12553
12554
12555
12558
12559
12560
12562
12563
12567
12571
12572
12576
12577
12579
12580
12581
12584
12586
12589
12590
12592
12593
12595
12597
12599
12602
12603
12604
12605
12606
12607
12608
12609
12610
12612
12613
12614
12615
12619
12623
12625
12626
12627
12628
12634
12637
12639
12643
12644
12649
12650
12652
12657
12658
12665
12667
12668
12669
12670
12672
12679
12682
12683
12684
12685
12686
12688
12690
12692
12693
12694
12702
12705
12706
12707
12708
12710
12711
12712
12713
12714
12718
12719
12720
12722
12724
12726
12727
12728
12729
12731
12732
12737
12738
12739
12742
12745
12746
12751
12754
12755
12758
12760
12761
12763
12764
12766
12767
12768
12771
12772
12773
12776
12781
12782
12785
12786
12788
12789
12796
12797
12798
12801
12803
12804
12805
12806
12811
12812
12813
12814
12815
12816
12817
12819
12820
12822
12824
12830
12832
12833
12835
12836
12839
12840
12841
12842
12843
12846
12849
12850
12851
12852
12854
12858
12859
12862
12869
12870
12871
12874
12875
12877
12880
12882
12884
12885
12886
12887
12890
12891
12893
12895
12896
12898
12900
12901
12902
12904
12907
12908
12910
12912
12913
12918
12919
12920
12921
12922
12924
12926
12927
12928
12929
12930
12931
12932
12933
12934
12937
12940
12942
12944
12948
12950
12952
12953
12954
12955
12957
12958
12963
12965
12967
12968
12969
12972
12977
12984
12986
12988
12998
13000
13002
13004
13006
13007
13012
13013
13017
13019
13020
13021
13023
13024
13025
13029
13030
13031
13034
13035
13037
13038
13043
13044
13047
13048
13051
13053
13054
13055
13057
13060
13062
13063
13064
13066
13067
13068
13069
13072
13075
13077
13078
13079
13083
13084
13087
13090
13091
13093
13094
13096
13098
13099
13101
13102
13104
13105
13107
13111
13112
13118
13120
13121
13122
13125
13129
13130
13135
13136
13138
13139
13140
13141
13142
13144
13146
13147
13148
13149
13150
13151
13154
13155
13157
13162
13163
13164
13167
13168
13172
13173
13174
13176
13179
13181
13184
13185
13187
13188
13189
13191
13193
13194
13197
13199
13200
13201
13203
13206
13207
13210
13211
13212
13215
13220
13221
13222
13224
13225
13226
13227
13228
13229
13230
13231
13233
13234
13236
13243
13245
13246
13248
13250
13251
13252
13254
13255
13256
13257
13258
13260
13261
13263
13265
13267
13270
13274
13275
13277
13279
13280
13281
13283
13285
13286
13287
13288
13289
13290
13294
13297
13299
13300
13301
13304
13307
13308
13309
13310
13314
13316
13319
13320
13321
13322
13323
13324
13325
13329
13330
13331
13332
13334
13335
13339
13340
13345
13347
13348
13349
13351
13353
13354
13356
13357
13358
13361
13362
13363
13364
13368
13369
13372
13373
13377
13378
13379
13381
13385
13389
13390
13392
13395
13396
13399
13402
13404
13406
13416
13417
13419
13421
13424
13426
13427
13428
13429
13430
13431
13435
13436
13437
13438
13439
13444
13447
13448
13456
13457
13458
13459
13462
13464
13467
13470
13471
13472
13474
13475
13479
13481
13485
13487
13489
13491
13493
13495
13496
13498
13501
13505
13506
13507
13508
13511
13512
13513
13514
13515
13518
13519
13522
13525
13526
13527
13529
13530
13531
13533
13536
13537
13538
13540
13541
13542
13543
13544
13548
13550
13552
13553
13554
13555
13556
13560
13564
13566
13567
13568
13569
13571
13572
13574
13575
13577
13579
13581
13583
13585
13586
13588
13589
13597
13599
13601
13605
13606
13608
13609
13610
13618
13619
13620
13621
13622
13623
13625
13626
13627
13629
13632
13634
13635
13636
13640
13643
13644
13646
13648
13652
13654
13655
13657
13659
13661
13662
13664
13666
13667
13668
13670
13672
13673
13674
13675
13677
13678
13681
13682
13686
13688
13691
13694
13697
13702
13706
13710
13711
13718
13721
13724
13725
13728
13730
13732
13733
13735
13739
13740
13742
13745
13746
13751
13757
13759
13762
13763
13764
13766
13768
13771
13773
13775
13776
13779
13782
13783
13785
13786
13787
13792
13794
13795
13798
13799
13802
13806
13807
13811
13812
13813
13814
13815
13820
13823
13824
13829
13831
13833
13834
13835
13836
13838
13840
13841
13845
13846
13849
13850
13851
13852
13858
13865
13867
13868
13870
13871
13872
13876
13877
13881
13883
13888
13889
13890
13892
13895
13898
13899
13900
13901
13902
13904
13905
13906
13907
13908
13912
13913
13914
13915
13916
13920
13922
13924
13925
13926
13928
13930
13936
13939
13941
13945
13947
13948
13950
13951
13958
13959
13960
13961
13963
13964
13969
13974
13975
13976
13977
13978
13979
13980
13981
13983
13987
13989
13991
13995
13997
14002
14008
14010
14012
14013
14015
14017
14022
14024
14026
14029
14030
14035
14036
14037
14039
14040
14041
14042
14047
14049
14057
14058
14063
14069
14070
14071
14074
14075
14076
14078
14080
14081
14084
14085
14086
14088
14090
14091
14094
14096
14098
14101
14104
14105
14107
14108
14111
14112
14115
14130
14132
14133
14137
14138
14139
14140
14141
14143
14144
14148
14149
14151
14161
14164
14167
14169
14170
14173
14174
14177
14179
14180
14181
14182
14187
14189
14190
14191
14192
14195
14196
14199
14201
14202
14204
14205
14210
14216
14217
14221
14223
14225
14226
14228
14229
14230
14231
14232
14233
14234
14235
14236
14240
14244
14245
14246
14250
14251
14252
14254
14256
14257
14258
14260
14261
14264
14266
14267
14268
14269
14272
14273
14274
14275
14276
14278
14279
14280
14283
14288
14294
14297
14300
14301
14304
14305
14306
14308
14309
14312
14313
14316
14317
14318
14319
14320
14321
14323
14324
14327
14330
14332
14333
14336
14337
14338
14340
14341
14342
14349
14350
14351
14355
14357
14358
14359
14366
14371
14372
14374
14375
14376
14378
14380
14382
14383
14385
14388
14391
14393
14399
14400
14405
14406
14408
14409
14410
14411
14413
14415
14416
14419
14422
14423
14425
14428
14430
14431
14433
14434
14436
14437
14438
14440
14441
14443
14444
14445
14446
14455
14456
14457
14458
14459
14468
14469
14471
14473
14475
14477
14478
14479
14481
14483
14485
14487
14488
14490
14492
14493
14494
14495
14496
14497
14500
14502
14504
14506
14509
14515
14516
14517
14520
14522
14524
14525
14526
14529
14531
14533
14534
14536
14538
14539
14540
14541
14542
14543
14544
14545
14548
14553
14554
14556
14557
14559
14561
14562
14563
14565
14567
14569
14575
14576
14577
14578
14582
14585
14586
14590
14592
14594
14596
14597
14598
14600
14601
14603
14604
14609
14610
14611
14612
14613
14615
14616
14621
14622
14623
14627
14629
14630
14631
14634
14635
14636
14638
14639
14644
14647
14648
14650
14651
14653
14654
14657
14658
14660
14661
14663
14667
14668
14669
14671
14672
14673
14675
14677
14679
14680
14683
14689
14692
14693
14694
14698
14699
14700
14701
14703
14704
14705
14706
14711
14713
14714
14717
14719
14723
14724
14725
14726
14728
14731
14732
14735
14737
14738
14740
14741
14744
14747
14748
14749
14756
14758
14762
14763
14764
14766
14767
14768
14769
14770
14773
14779
14780
14781
14782
14783
14785
14790
14791
14794
14795
14796
14797
14798
14806
14808
14809
14811
14813
14815
14817
14819
14820
14823
14824
14825
14828
14831
14832
14833
14834
14836
14838
14841
14842
14844
14845
14846
14847
14848
14851
14852
14853
14854
14857
14858
14859
14860
14861
14864
14867
14869
14870
14872
14873
14874
14879
14883
14887
14888
14889
14891
14893
14897
14899
14901
14902
14903
14904
14905
14908
14909
14912
14913
14915
14916
14919
14920
14921
14922
14924
14926
14927
14930
14935
14938
14940
14941
14945
14948
14949
14956
14957
14958
14959
14962
14963
14964
14966
14968
14969
14970
14972
14974
14975
14976
14979
14980
14983
14985
14987
14988
14989
14991
14992
14993
14997
14998
14999
15000
15001
15004
15006
15008
15011
15012
15013
15014
15015
15021
15023
15024
15026
15027
15030
15032
15034
15035
15037
15039
15040
15043
15049
15054
15058
15062
15063
15065
15067
15069
15072
15075
15077
15078
15082
15083
15084
15093
15095
15100
15102
15106
15108
15109
15112
15115
15116
15118
15119
15121
15123
15124
15126
15127
15128
15130
15132
15135
15136
15137
15138
15139
15140
15143
15144
15145
15147
15150
15152
15154
15155
15158
15162
15163
15164
15165
15167
15168
15169
15171
15172
15174
15176
15177
15178
15180
15183
15184
15186
15187
15189
15192
15193
15194
15195
15197
15200
15201
15203
15207
15210
15211
15212
15216
15217
15218
15219
15220
15223
15227
15231
15234
15235
15237
15238
15243
15248
15249
15250
15252
15253
15254
15255
15256
15257
15259
15262
15263
15264
15265
15267
15268
15271
15272
15273
15275
15276
15281
15283
15284
15285
15287
15288
15290
15291
15292
15293
15294
15295
15296
15298
15300
15302
15303
15305
15307
15308
15309
15315
15316
15317
15320
15322
15323
15326
15328
15329
15330
15332
15333
15334
15338
15340
15343
15344
15346
15348
15350
15353
15354
15356
15358
15359
15360
15362
15364
15365
15366
15367
15369
15370
15371
15372
15373
15376
15377
15378
15379
15381
15383
15388
15389
15394
15398
15399
15402
15404
15405
15408
15409
15412
15416
15418
15420
15424
15427
15429
15432
15433
15436
15442
15445
15446
15447
15450
15451
15452
15453
15454
15456
15460
15461
15464
15465
15469
15470
15471
15472
15473
15474
15476
15480
15481
15482
15483
15484
15487
15488
15489
15490
15492
15493
15495
15497
15499
15500
15502
15505
15506
15507
15510
15513
15515
15516
15518
15519
15525
15531
15532
15533
15534
15535
15539
15541
15543
15544
15549
15551
15552
15553
15554
15559
15560
15561
15562
15563
15564
15565
15567
15568
15570
15571
15574
15575
15577
15578
15579
15580
15582
15585
15586
15587
15588
15590
15593
15596
15597
15599
15603
15604
15605
15606
15607
15608
15613
15614
15616
15625
15627
15629
15631
15632
15633
15634
15638
15641
15642
15643
15644
15647
15650
15651
15652
15653
15654
15655
15657
15658
15659
15671
15673
15677
15678
15679
15680
15682
15683
15685
15686
15688
15689
15690
15693
15694
15696
15697
15699
15700
15701
15702
15703
15704
15707
15710
15711
15712
15714
15716
15722
15724
15726
15728
15729
15730
15732
15733
15740
15742
15747
15748
15749
15751
15752
15753
15754
15755
15757
15763
15764
15765
15766
15771
15772
15774
15775
15776
15777
15780
15784
15786
15787
15789
15792
15794
15799
15804
15805
15806
15807
15808
15809
15815
15816
15818
15820
15828
15831
15834
15835
15836
15837
15838
15843
15844
15845
15846
15847
15848
15849
15851
15853
15854
15858
15859
15860
15863
15866
15868
15870
15871
15872
15873
15876
15878
15879
15884
15885
15889
15890
15893
15895
15896
15901
15902
15903
15905
15907
15908
15910
15912
15913
15915
15916
15917
15918
15919
15921
15926
15927
15929
15931
15932
15934
15938
15939
15940
15941
15942
15943
15944
15946
15947
15949
15950
15952
15954
15955
15956
15957
15958
15960
15962
15966
15967
15969
15971
15973
15976
15977
15978
15980
15981
15983
15986
15989
15991
15992
15994
15995
15996
15997
15998
16001
16002
16003
16004
16006
16008
16009
16010
16013
16015
16019
16020
16021
16022
16024
16025
16027
16029
16030
16036
16037
16038
16042
16044
16046
16048
16049
16050
16054
16055
16061
16062
16064
16065
16067
16068
16069
16072
16074
16075
16078
16079
16080
16083
16085
16087
16089
16091
16092
16096
16097
16099
16100
16101
16105
16106
16108
16111
16112
16113
16117
16119
16120
16126
16127
16128
16129
16130
16133
16134
16136
16139
16140
16143
16147
16148
16149
16150
16151
16152
16156
16161
16163
16165
16167
16172
16179
16184
16185
16186
16187
16188
16190
16192
16196
16201
16204
16205
16208
16213
16214
16215
16224
16225
16228
16230
16232
16233
16234
16235
16236
16237
16239
16240
16242
16244
16245
16247
16250
16253
16255
16258
16261
16265
16270
16275
16278
16280
16281
16283
16284
16286
16287
16288
16289
16291
16292
16294
16296
16302
16304
16307
16308
16309
16314
16315
16316
16317
