0
2
4
5
9
17
23
24
32
33
44
45
52
55
73
78
79
84
85
86
88
89
101
109
111
113
114
116
120
121
125
134
138
154
156
165
168
170
171
176
182
183
201
206
209
211
215
218
222
223
224
238
248
262
265
271
272
291
303
304
305
308
315
320
341
344
345
348
360
361
366
367
374
376
379
382
389
391
398
400
402
417
418
420
422
439
442
447
459
470
471
474
477
478
480
490
493
495
497
498
506
507
508
510
540
544
547
555
566
572
573
575
582
585
591
592
603
611
612
615
622
624
628
632
633
635
645
650
652
653
655
670
672
673
677
679
680
692
695
700
702
707
708
727
728
735
738
742
743
745
748
757
759
764
769
773
774
775
777
789
795
800
802
806
808
811
821
824
829
833
835
836
840
841
844
847
851
861
862
864
866
870
871
875
884
889
892
899
906
913
928
932
933
935
939
940
945
946
952
962
966
977
982
983
993
1000
1006
1010
1019
1021
1023
1029
1032
1038
1042
1045
1046
1048
1049
1054
1057
1062
1067
1079
1080
1092
1098
1099
1103
1113
1118
1121
1124
1128
1129
1144
1146
1152
1156
1157
1167
1168
1169
1175
1181
1183
1188
1194
1202
1218
1225
1227
1234
1237
1239
1249
1269
1277
1281
1298
1301
1302
1304
1308
1311
1320
1329
1340
1341
1348
1351
1360
1370
1373
1374
1377
1400
1402
1406
1426
1429
1432
1438
1446
1461
1462
1464
1474
1475
1479
1485
1495
1498
1499
1500
1503
1513
1514
1516
1527
1528
1533
1535
1541
1543
1545
1547
1551
1564
1566
1569
1577
1579
1580
1588
1590
1594
1603
1609
1610
1611
1620
1623
1633
1646
1649
1650
1651
1652
1660
1665
1667
1679
1684
1693
1709
1713
1721
1732
1749
1752
1763
1766
1767
1771
1777
1779
1780
1784
1804
1807
1813
1814
1835
1837
1839
1846
1853
1854
1856
1857
1868
1874
1878
1885
1890
1894
1899
1913
1916
1919
1935
1936
1941
1946
1948
1955
1959
1968
1970
1972
1984
1986
1990
2000
2003
2005
2013
2015
2019
2021
2030
2034
2035
2038
2041
2045
2051
2054
2061
2064
2074
2075
2085
2086
2089
2094
2095
2096
2100
2105
2116
2123
2126
2132
2136
2140
2147
2149
2150
2153
2155
2165
2170
2171
2178
2181
2184
2188
2189
2198
2199
2203
2215
2219
2228
2239
2248
2267
2271
2272
2277
2278
2284
2294
2299
2300
2305
2309
2316
2319
2321
2332
2335
2349
2352
2357
2360
2363
2365
2367
2372
2378
2379
2382
2384
2403
2409
2411
2412
2418
2420
2431
2437
2442
2445
2449
2452
2455
2460
2466
2467
2470
2476
2491
2496
2498
2499
2501
2503
2510
2518
2527
2531
2532
2534
2536
2537
2539
2542
2554
2555
2566
2569
2576
2587
2589
2595
2596
2600
2605
2613
2615
2616
2617
2626
2632
2642
2655
2660
2661
2665
2668
2670
2671
2672
2691
2697
2702
2707
2715
2722
2725
2729
2730
2731
2734
2735
2737
2742
2744
2747
2751
2753
2756
2758
2759
2768
2771
2773
2776
2783
2784
2789
2793
2796
2805
2810
2814
2820
2821
2832
2836
2839
2845
2847
2853
2855
2868
2876
2882
2893
2899
2924
2934
2939
2949
2953
2955
2960
2969
2970
2976
2979
2981
2982
2986
2988
2991
2992
2996
3013
3026
3028
3030
3036
3045
3048
3050
3054
3061
3065
3066
3067
3073
3074
3077
3081
3088
3097
3098
3102
3113
3125
3128
3136
3138
3149
3153
3154
3161
3163
3164
3167
3169
3170
3172
3174
3176
3177
3178
3183
3194
3195
3201
3210
3213
3214
3218
3219
3220
3222
3223
3225
3226
3229
3250
3259
3261
3267
3268
3273
3274
3276
3279
3302
3316
3318
3321
3329
3332
3334
3336
3339
3346
3353
3354
3362
3365
3368
3372
3379
3381
3386
3401
3414
3419
3427
3428
3430
3437
3441
3445
3449
3454
3466
3469
3471
3474
3478
3479
3485
3495
3499
3503
3505
3511
3513
3524
3531
3532
3533
3543
3548
3550
3553
3564
3565
3566
3569
3575
3582
3586
3588
3593
3600
3603
3606
3607
3608
3611
3622
3625
3628
3636
3638
3643
3656
3663
3664
3666
3682
3688
3689
3696
3708
3709
3721
3725
3738
3741
3744
3751
3763
3773
3774
3777
3783
3785
3786
3789
3790
3793
3797
3800
3803
3825
3827
3832
3837
3838
3846
3852
3863
3866
3867
3870
3874
3875
3888
3893
3901
3906
3917
3922
3923
3927
3930
3934
3938
3941
3942
3961
3962
3965
3970
3971
3972
3973
3974
3976
3983
3986
3995
4001
4005
4010
4011
4023
4029
4031
4035
4040
4046
4050
4057
4064
4073
4076
4090
4091
4093
4095
4103
4106
4110
4129
4136
4139
4140
4142
4146
4159
4162
4169
4174
4175
4181
4182
4184
4192
4200
4202
4208
4220
4221
4228
4231
4237
4248
4249
4250
4251
4255
4256
4262
4265
4280
4285
4286
4305
4316
4331
4332
4334
4346
4360
4364
4367
4374
4381
4382
4388
4391
4392
4393
4396
4398
4406
4412
4417
4428
4429
4435
4436
4437
4443
4444
4449
4450
4460
4461
4465
4468
4476
4480
4481
4489
4493
4500
4503
4522
4526
4529
4533
4537
4538
4541
4542
4546
4559
4569
4570
4573
4579
4583
4586
4589
4594
4595
4597
4601
4604
4606
4607
4610
4611
4622
4637
4656
4659
4668
4669
4670
4676
4681
4682
4689
4691
4693
4696
4701
4704
4706
4708
4710
4712
4714
4718
4720
4725
4728
4729
4731
4734
4736
4738
4739
4740
4741
4745
4746
4765
4775
4781
4782
4787
4795
4804
4809
4814
4815
4825
4827
4828
4829
4832
4843
4849
4850
4854
4859
4861
4866
4876
4899
4903
4915
4918
4921
4924
4929
4937
4942
4952
4960
4964
4967
4968
4972
4973
4975
4977
4982
4983
4985
4987
4988
4992
4994
4996
4997
5013
5014
5015
5023
5025
5038
5040
5043
5045
5050
5052
5055
5056
5070
5077
5078
5089
5092
5093
5098
5102
5106
5107
5115
5116
5118
5119
5120
5147
5148
5157
5158
5166
5170
5172
5175
5178
5182
5185
5186
5193
5199
5200
5202
5210
5218
5219
5230
5234
5252
5253
5256
5258
5260
5264
5268
5271
5283
5314
5322
5337
5342
5346
5355
5361
5376
5377
5383
5387
5392
5400
5401
5408
5409
5413
5415
5421
5423
5424
5425
5426
5427
5429
5439
5447
5452
5454
5456
5457
5461
5472
5473
5483
5494
5496
5502
5506
5507
5512
5525
5529
5532
5534
5545
5546
5551
5553
5566
5568
5573
5576
5598
5603
5604
5608
5611
5617
5620
5621
5622
5623
5629
5630
5631
5633
5642
5647
5654
5663
5664
5668
5669
5678
5681
5688
5689
5695
5703
5704
5707
5714
5717
5722
5725
5727
5735
5736
5741
5757
5761
5770
5773
5775
5777
5782
5791
5792
5794
5797
5798
5801
5802
5803
5804
5816
5837
5838
5842
5844
5846
5855
5856
5860
5866
5868
5869
5873
5876
5888
5889
5891
5902
5906
5910
5912
5917
5919
5921
5926
5929
5939
5948
5951
5952
5955
5956
5957
5958
5965
5971
5979
5986
5990
5992
5998
6000
6008
6009
6010
6011
6014
6015
6040
6043
6050
6063
6077
6078
6079
6084
6090
6094
6097
6104
6114
6119
6121
6125
6126
6127
6139
6145
6151
6168
6170
6171
6172
6175
6201
6203
6205
6213
6220
6222
6235
6237
6239
6245
6257
6259
6261
6264
6273
6280
6283
6287
6293
6294
6295
6298
6302
6303
6309
6310
6313
6315
6324
6331
6333
6338
6339
6340
6345
6349
6351
6354
6359
6363
6364
6365
6373
6385
6389
6396
6397
6401
6402
6411
6416
6420
6421
6430
6435
6436
6440
6451
6458
6483
6485
6487
6488
6493
6497
6509
6512
6513
6525
6526
6527
6534
6547
6548
6549
6550
6552
6555
6556
6560
6563
6564
6569
6570
6578
6580
6582
6585
6590
6591
6599
6601
6608
6612
6617
6619
6625
6627
6628
6629
6630
6635
6636
6638
6643
6650
6657
6667
6670
6671
6679
6685
6686
6704
6705
6714
6715
6718
6720
6721
6725
6732
6745
6746
6760
6761
6762
6786
6787
6789
6795
6804
6806
6809
6810
6815
6818
6820
6822
6832
6833
6836
6837
6846
6848
6851
6862
6870
6871
6872
6874
6884
6889
6893
6896
6901
6904
6905
6911
6916
6923
6932
6937
6938
6939
6940
6941
6948
6951
6966
6967
6975
6985
6987
6996
6999
7000
7001
7006
7010
7011
7013
7020
7023
7035
7036
7041
7047
7048
7052
7054
7057
7059
7065
7066
7070
7072
7080
7091
7095
7096
7105
7107
7110
7114
7117
7121
7131
7135
7141
7143
7156
7159
7164
7169
7182
7185
7187
7201
7202
7203
7206
7207
7210
7215
7220
7228
7235
7237
7247
7258
7265
7266
7269
7272
7281
7284
7305
7319
7321
7323
7332
7338
7342
7344
7348
7349
7350
7358
7361
7370
7385
7388
7391
7393
7399
7400
7405
7411
7418
7419
7427
7428
7430
7451
7454
7458
7459
7461
7462
7464
7467
7475
7476
7478
7490
7492
7493
7495
7496
7519
7520
7529
7537
7543
7553
7561
7567
7569
7574
7588
7590
7595
7597
7604
7605
7606
7607
7608
7627
7647
7660
7667
7675
7677
7679
7680
7684
7686
7690
7693
7695
7696
7701
7702
7705
7711
7713
7719
7725
7740
7744
7757
7760
7761
7763
7772
7777
7780
7785
7786
7787
7789
7793
7795
7797
7798
7807
7811
7814
7818
7825
7826
7836
7838
7844
7846
7847
7848
7861
7864
7867
7868
7869
7871
7879
7883
7885
7893
7901
7902
7909
7915
7923
7931
7936
7949
7956
7957
7963
7967
7973
7978
7984
7995
7996
7998
8005
8012
8026
8030
8038
8040
8041
8044
8055
8058
8059
8061
8066
8067
8068
8070
8071
8075
8079
8080
8083
8088
8089
8090
8091
8105
8107
8110
8120
8121
8123
8132
8149
8151
8152
8156
8158
8159
8161
8168
8174
8175
8177
8178
8179
8181
8188
8210
8217
8218
8224
8228
8230
8236
8241
8250
8261
8268
8282
8287
8293
8294
8297
8306
8310
8322
8328
8329
8330
8336
8343
8350
8352
8353
8354
8359
8362
8364
8367
8368
8377
8379
8380
8405
8409
8412
8421
8422
8437
8438
8448
8449
8464
8466
8467
8479
8493
8510
8511
8512
8532
8536
8543
8544
8559
8564
8581
8582
8587
8592
8602
8617
8621
8625
8627
8630
8631
8640
8650
8653
8659
8662
8663
8664
8668
8675
8677
8685
8688
8692
8694
8696
8703
8704
8705
8706
8715
8722
8723
8724
8725
8729
8730
8733
8743
8758
8774
8776
8777
8780
8782
8783
8785
8792
8797
8801
8807
8813
8826
8841
8849
8853
8854
8855
8858
8867
8868
8870
8875
8881
8882
8894
8895
8896
8903
8918
8920
8921
8922
8923
8927
8942
8947
8959
8960
8964
8971
8986
9001
9005
9006
9013
9014
9019
9024
9025
9028
9029
9031
9034
9036
9043
9046
9048
9056
9060
9062
9064
9074
9079
9080
9087
9088
9095
9098
9101
9103
9104
9110
9112
9113
9115
9116
9121
9128
9130
9134
9141
9144
9145
9146
9150
9152
9156
9161
9169
9172
9177
9189
9190
9197
9214
9222
9235
9239
9243
9247
9268
9269
9272
9274
9276
9277
9290
9291
9293
9295
9309
9310
9318
9320
9321
9322
9324
9326
9334
9335
9338
9339
9342
9346
9355
9358
9361
9366
9367
9372
9380
9388
9393
9397
9398
9401
9404
9408
9411
9412
9413
9414
9420
9423
9425
9433
9436
9440
9441
9443
9444
9447
9453
9460
9472
9480
9491
9493
9497
9503
9509
9511
9519
9520
9531
9535
9551
9562
9565
9568
9572
9573
9579
9585
9588
9589
9590
9591
9593
9596
9608
9615
9619
9620
9622
9630
9635
9639
9641
9644
9646
9647
9649
9656
9658
9662
9666
9682
9686
9693
9694
9695
9699
9701
9712
9726
9765
9790
9792
9795
9796
9800
9801
9807
9810
9812
9816
9817
9824
9825
9827
9838
9841
9843
9848
9849
9853
9870
9872
9881
9883
9893
9898
9901
9907
9909
9911
9912
9933
9934
9942
9954
9956
9957
9963
9967
9968
9972
9982
9983
9984
9997
10003
10013
10014
10017
10028
10034
10036
10038
10042
10049
10050
10056
10063
10066
10070
10076
10077
10084
10085
10095
10104
10105
10106
10107
10108
10109
10120
10129
10131
10141
10151
10156
10157
10166
10182
10183
10191
10195
10201
10203
10204
10214
10217
10218
10219
10221
10222
10224
10226
10227
10232
10234
10238
10243
10245
10252
10258
10263
10272
10289
10291
10294
10302
10303
10307
10312
10317
10327
10348
10354
10356
10358
10369
10374
10376
10380
10382
10388
10398
10400
10407
10419
10425
10426
10429
10433
10448
10462
10463
10469
10473
10475
10480
10494
10496
10501
10516
10517
10525
10529
10530
10531
10536
10538
10539
10541
10548
10560
10561
10567
10572
10577
10581
10586
10594
10595
10601
10602
10603
10604
10607
10612
10614
10616
10622
10626
10628
10629
10633
10636
10640
10656
10657
10667
10673
10687
10690
10705
10706
10717
10720
10721
10726
10729
10730
10733
10758
10776
10780
10782
10787
10789
10797
10801
10809
10810
10811
10812
10820
10821
10823
10844
10854
10861
10863
10865
10866
10877
10880
10887
10888
10892
10894
10907
10917
10928
10939
10940
10942
10946
10950
10951
10955
10956
10958
10959
10960
10962
10966
10973
10974
10980
10982
10998
11000
11002
11003
11004
11005
11008
11015
11024
11026
11027
11028
11034
11035
11036
11039
11050
11055
11065
11072
11074
11075
11080
11082
11084
11089
11092
11097
11102
11107
11108
11110
11111
11117
11119
11123
11130
11131
11133
11135
11146
11149
11151
11162
11171
11182
11183
11184
11187
11188
11198
11204
11207
11214
11219
11228
11229
11231
11235
11236
11246
11251
11252
11256
11257
11269
11281
11306
11310
11312
11314
11316
11319
11324
11337
11339
11340
11346
11350
11353
11357
11362
11367
11374
11376
11382
11397
11405
11407
11410
11413
11425
11429
11435
11436
11437
11440
11443
11444
11454
11457
11459
11467
11472
11474
11491
11496
11510
11513
11516
11517
11522
11523
11525
11531
11536
11539
11543
11556
11557
11567
11570
11581
11585
11586
11588
11589
11590
11591
11596
11598
11599
11607
11611
11612
11617
11619
11621
11627
11633
11634
11636
11637
11639
11647
11650
11660
11663
11665
11667
11673
11675
11684
11697
11701
11705
11708
11735
11755
11757
11758
11760
11766
11771
11773
11777
11778
11783
11794
11795
11808
11809
11811
11812
11814
11818
11821
11822
11831
11838
11844
11847
11848
11850
11866
11868
11871
11881
11882
11884
11893
11894
11904
11917
11922
11925
11935
11939
11948
11949
11955
11960
11962
11965
11969
11972
11975
11977
11985
11989
11991
11994
11996
11997
12000
12005
12024
12028
12036
12044
12050
12062
12075
12076
12081
12082
12084
12090
12091
12100
12108
12113
12138
12142
12146
12152
12153
12158
12160
12163
12165
12169
12174
12182
12192
12193
12196
12198
12206
12208
12226
12231
12235
12242
12247
12248
12260
12265
12270
12284
12286
12290
12291
12293
12299
12306
12312
12314
12317
12318
12322
12327
12330
12335
12337
12341
12342
12347
12349
12350
12352
12354
12361
12362
12364
12369
12370
12372
12374
12377
12383
12385
12394
12397
12408
12409
12412
12416
12422
12431
12445
12451
12452
12456
12467
12469
12471
12484
12493
12494
12497
12502
12508
12512
12515
12518
12526
12541
12542
12543
12544
12550
12568
12576
12579
12587
12592
12593
12595
12598
12599
12608
12614
12618
12619
12633
12635
12641
12649
12650
12652
12654
12664
12666
12678
12679
12687
12688
12695
12714
12718
12723
12735
12737
12747
12755
12757
12759
12762
12763
12767
12769
12770
12774
12778
12780
12782
12785
12789
12793
12798
12809
12813
12818
12822
12825
12831
12838
12839
12841
12851
12852
12857
12858
12861
12864
12865
12871
12881
12882
12884
12885
12892
12894
12900
12902
12903
12908
12909
12910
12915
12920
12921
12926
12927
12929
12941
12946
12950
12954
12955
12957
12961
12962
12965
12968
12973
12978
12981
13000
13001
13012
13013
13018
13026
13027
13034
13035
13043
13053
13054
13055
13062
13063
13066
13069
13072
13087
13088
13089
13094
13096
13106
13110
13131
13138
13139
13140
13141
13144
13156
13158
13166
13171
13173
13174
13181
13185
13186
13192
13218
13220
13223
13224
13226
13229
13230
13235
13242
13244
13248
13259
13268
13269
13270
13278
13280
13281
13288
13289
13291
13294
13296
13298
13302
13304
13308
13321
13327
13328
13332
13339
13341
13345
13346
13347
13351
13357
13363
13366
13369
13371
13376
13380
13382
13386
13387
13394
13395
13400
13407
13412
13416
13420
13422
13424
13431
13432
13438
13444
13447
13462
13464
13466
13477
13479
13484
13486
13487
13488
13494
13497
13500
13503
13519
13523
13524
13533
13534
13562
13576
13578
13581
13591
13592
13595
13599
13606
13611
13615
13619
13624
13631
13633
13636
13641
13663
13669
13677
13690
13693
13696
13698
13699
13701
13708
13709
13711
13712
13721
13734
13735
13739
13741
13743
13750
13753
13759
13761
13767
13774
13783
13786
13792
13793
13795
13796
13804
13817
13820
13821
13828
13839
13842
13843
13848
13850
13856
13861
13864
13869
13870
13873
13885
13897
13899
13903
13906
13910
13917
13921
13927
13928
13930
13935
13936
13947
13950
13953
13957
13959
13960
13963
13974
13975
13981
13985
13987
13995
13998
14016
14018
14023
14026
14037
14039
14047
14051
14052
14056
14072
14073
14090
14093
14098
14106
14107
14115
14121
14128
14137
14143
14149
14152
14159
14169
14170
14172
14180
14183
14193
14203
14205
14207
14228
14236
14248
14250
14253
14269
14281
14289
14297
14303
14305
14315
14317
14327
14328
14332
14337
14346
14351
14368
14376
14378
14383
14384
14385
14386
14394
14400
14406
14412
14420
14421
14422
14423
14431
14436
14448
14458
14459
14471
14481
14482
14495
14496
14499
14501
14508
14510
14513
14515
14521
14527
14530
14532
14537
14544
14545
14551
14567
14571
14574
14575
14587
14593
14600
14602
14604
14608
14612
14615
14618
14620
14623
14635
14641
14646
14647
14654
14656
14662
14667
14672
14674
14675
14676
14681
14694
14703
14711
14717
14718
14727
14731
14736
14740
14743
14751
14752
14756
14761
14765
14768
14771
14772
14777
14780
14799
14800
14803
14810
14813
14815
14817
14819
14828
14833
14836
14841
14844
14855
14867
14874
14880
14883
14895
14908
14911
14915
14919
14937
14940
14944
14957
14960
14970
14971
14972
14989
14990
14993
14994
14999
15003
15005
15011
15013
15017
15021
15024
15029
15030
15034
15039
15041
15049
15066
15071
15081
15085
15086
15088
15099
15103
15105
15109
15115
15118
15122
15125
15135
15138
15142
15153
15159
15161
15162
15168
15169
15173
15176
15179
15197
15200
15201
15203
15210
15216
15218
15220
15221
15227
15230
15233
15237
15239
15240
15256
15257
15264
15268
15292
15293
15298
15301
15305
15309
15310
15314
15318
15328
15335
15338
15340
15344
15346
15351
15356
15369
15372
15381
15384
15387
15392
15398
15410
15414
15416
15424
15432
15440
15443
15445
15448
15456
15459
15470
15477
15483
15486
15494
15503
15504
15505
15507
15508
15516
15521
15524
15538
15548
15559
15560
15566
15567
15571
15579
15615
15621
15626
15637
15639
15641
15655
15657
15665
15682
15683
15686
15692
15694
15698
15703
15705
15706
15712
15715
15718
15719
15723
15732
15738
15741
15754
15755
15763
15769
15780
15796
15797
15803
15815
15816
15824
15825
15834
15839
15840
15844
15845
15852
15855
15856
15860
15864
15869
15875
15876
15884
15893
15901
15903
15905
15909
15935
15938
15949
15952
15967
15980
15989
15993
15994
15996
16004
16007
16010
16015
16024
16028
16029
16030
16043
16046
16049
16052
16054
16055
16057
16060
16063
16064
16066
16070
16073
16079
16088
16097
16108
16109
16110
16131
16138
16139
16144
16145
16158
16160
16165
16175
16178
16183
16186
16188
16189
16190
16195
16198
16203
16206
16209
16210
16215
16219
16234
16235
16248
16253
16254
16263
16264
16269
16270
16274
16275
16293
16294
16303
16304
16309
16315
16323
16324
