1
2
4
9
17
21
26
27
34
35
40
42
44
50
52
58
59
61
65
75
77
79
81
84
89
92
98
99
102
111
117
118
120
125
126
127
128
129
134
136
138
148
157
160
162
163
164
168
170
175
181
182
183
184
191
193
196
198
201
204
209
210
215
217
218
224
225
229
230
234
236
238
240
243
247
250
252
254
259
264
265
266
268
272
274
283
288
290
291
293
295
297
300
302
314
315
316
318
323
324
327
330
331
333
335
336
337
338
341
351
353
357
359
367
369
371
374
379
384
385
386
387
388
389
391
399
406
409
415
416
417
422
426
427
429
431
432
440
441
442
445
446
448
454
455
456
457
459
464
476
477
480
483
484
485
489
491
492
494
496
498
499
500
505
508
511
513
518
519
521
523
529
530
532
534
535
541
542
549
552
556
560
561
564
565
572
575
580
585
588
589
592
593
595
603
606
608
611
612
613
614
615
617
618
621
627
631
633
634
637
640
647
648
655
658
663
666
670
671
674
679
680
681
683
684
687
688
690
694
695
700
707
710
711
715
716
720
724
726
728
730
731
734
737
738
739
740
741
743
744
747
749
751
758
762
763
767
769
771
775
777
780
784
788
789
790
794
796
803
804
805
808
812
816
818
823
826
833
834
838
840
845
848
852
854
856
858
863
864
866
869
870
872
874
875
880
887
890
891
892
893
897
901
905
907
909
911
912
913
917
923
927
929
930
938
943
944
945
948
950
951
952
955
958
960
962
966
970
977
983
988
989
991
993
997
998
1001
1005
1006
1012
1013
1014
1015
1017
1019
1024
1029
1031
1032
1033
1040
1042
1043
1047
1048
1054
1055
1057
1059
1060
1065
1066
1070
1074
1076
1079
1080
1082
1097
1098
1105
1107
1109
1114
1116
1117
1125
1126
1127
1128
1129
1131
1134
1135
1136
1141
1143
1148
1152
1158
1160
1161
1165
1166
1169
1171
1175
1177
1178
1181
1182
1184
1185
1187
1188
1191
1198
1211
1212
1216
1218
1221
1223
1233
1234
1236
1239
1240
1248
1250
1253
1255
1256
1258
1266
1268
1272
1273
1274
1276
1277
1278
1283
1286
1290
1293
1295
1299
1301
1304
1305
1307
1309
1311
1312
1313
1316
1317
1318
1324
1326
1330
1337
1339
1341
1343
1348
1350
1352
1354
1363
1364
1370
1372
1373
1379
1382
1383
1384
1386
1387
1393
1397
1405
1407
1411
1415
1416
1418
1420
1425
1426
1429
1433
1436
1438
1447
1448
1451
1452
1453
1454
1458
1459
1463
1464
1469
1473
1474
1475
1478
1482
1484
1487
1488
1490
1494
1497
1501
1504
1506
1507
1510
1515
1516
1517
1518
1519
1520
1523
1529
1531
1536
1537
1542
1544
1551
1554
1555
1556
1560
1561
1568
1573
1574
1578
1582
1585
1589
1593
1594
1595
1600
1604
1605
1606
1612
1619
1622
1623
1632
1637
1639
1640
1645
1647
1648
1650
1651
1652
1658
1660
1662
1663
1667
1668
1669
1670
1671
1678
1679
1681
1682
1687
1688
1691
1692
1693
1703
1707
1711
1713
1714
1715
1721
1724
1726
1727
1728
1732
1736
1740
1744
1745
1748
1749
1751
1755
1767
1769
1770
1782
1786
1788
1789
1794
1795
1797
1800
1801
1806
1809
1811
1813
1814
1822
1823
1825
1829
1839
1844
1847
1852
1853
1856
1858
1861
1863
1866
1869
1871
1873
1877
1880
1884
1885
1888
1891
1895
1897
1903
1906
1912
1913
1915
1916
1920
1921
1923
1929
1930
1931
1932
1934
1937
1939
1942
1944
1949
1952
1954
1961
1962
1966
1968
1969
1971
1972
1974
1978
1979
1980
1982
1986
1990
1991
1993
1994
1995
2001
2002
2004
2009
2015
2026
2030
2032
2033
2043
2050
2051
2053
2056
2059
2062
2066
2068
2078
2081
2087
2091
2094
2099
2103
2107
2110
2112
2113
2119
2128
2130
2133
2138
2139
2140
2142
2144
2159
2165
2166
2169
2173
2175
2190
2192
2195
2197
2198
2199
2201
2203
2206
2207
2211
2212
2213
2215
2217
2222
2224
2230
2234
2238
2239
2240
2243
2246
2247
2248
2259
2266
2268
2273
2274
2275
2279
2283
2284
2285
2288
2291
2294
2307
2316
2319
2320
2323
2325
2328
2329
2333
2345
2347
2348
2354
2355
2357
2367
2378
2379
2382
2384
2391
2392
2396
2400
2401
2402
2407
2409
2410
2411
2412
2419
2422
2424
2425
2427
2433
2434
2436
2438
2443
2444
2445
2448
2449
2454
2456
2458
2459
2460
2470
2471
2474
2479
2483
2487
2488
2493
2502
2505
2506
2508
2511
2514
2515
2520
2524
2525
2531
2534
2535
2550
2561
2562
2563
2573
2575
2576
2579
2580
2582
2583
2584
2587
2588
2589
2590
2591
2593
2596
2597
2598
2600
2601
2602
2607
2608
2614
2619
2626
2629
2632
2635
2636
2640
2646
2649
2653
2657
2658
2660
2670
2672
2677
2678
2684
2687
2691
2696
2699
2700
2703
2705
2707
2708
2711
2715
2722
2726
2728
2737
2738
2740
2744
2762
2763
2766
2767
2773
2774
2775
2778
2783
2785
2790
2803
2807
2810
2812
2814
2815
2816
2817
2818
2819
2832
2837
2838
2840
2841
2842
2845
2847
2848
2855
2856
2859
2868
2872
2874
2881
2884
2885
2888
2900
2901
2904
2911
2916
2920
2929
2932
2933
2935
2942
2946
2948
2953
2955
2958
2968
2970
2975
2979
2994
2996
2998
3001
3004
3006
3014
3019
3020
3023
3029
3030
3031
3032
3037
3043
3049
3053
3054
3056
3060
3061
3070
3072
3073
3078
3079
3082
3084
3087
3094
3095
3097
3098
3101
3102
3104
3107
3108
3111
3112
3113
3114
3115
3121
3126
3141
3145
3146
3147
3148
3149
3150
3151
3154
3160
3166
3167
3168
3169
3171
3172
3174
3175
3176
3178
3181
3182
3186
3188
3194
3201
3202
3206
3207
3214
3221
3228
3230
3231
3237
3241
3242
3247
3248
3250
3251
3253
3254
3256
3263
3267
3271
3279
3281
3287
3292
3297
3299
3302
3303
3304
3306
3309
3317
3318
3323
3330
3334
3335
3343
3346
3349
3354
3356
3364
3365
3366
3368
3372
3379
3388
3389
3390
3393
3394
3399
3408
3409
3418
3419
3421
3425
3426
3427
3433
3437
3439
3441
3443
3448
3452
3453
3455
3458
3459
3460
3465
3467
3468
3473
3478
3487
3490
3497
3500
3501
3520
3526
3529
3535
3536
3538
3539
3542
3543
3550
3554
3555
3558
3564
3566
3573
3578
3582
3583
3600
3602
3619
3622
3630
3633
3637
3639
3640
3645
3647
3648
3659
3661
3662
3668
3669
3672
3674
3675
3678
3681
3691
3701
3703
3704
3705
3706
3707
3711
3717
3719
3721
3723
3735
3737
3741
3742
3745
3746
3748
3749
3751
3753
3754
3760
3764
3769
3773
3775
3776
3783
3789
3792
3799
3802
3805
3813
3824
3827
3835
3847
3850
3855
3858
3863
3864
3868
3879
3883
3886
3888
3898
3901
3902
3905
3909
3910
3912
3918
3919
3921
3924
3928
3930
3931
3932
3934
3935
3942
3943
3947
3949
3955
3957
3958
3959
3960
3962
3964
3969
3970
3971
3973
3975
3977
3983
3986
3988
3989
3990
3993
3994
3997
3999
4000
4006
4007
4008
4012
4022
4023
4024
4025
4026
4029
4039
4043
4048
4049
4050
4056
4059
4060
4061
4066
4067
4070
4071
4074
4079
4087
4102
4107
4109
4111
4112
4115
4122
4138
4140
4141
4145
4146
4147
4150
4155
4159
4161
4164
4167
4169
4180
4182
4188
4192
4195
4203
4212
4215
4219
4220
4221
4222
4224
4225
4226
4228
4231
4232
4235
4238
4239
4241
4244
4245
4252
4256
4258
4259
4262
4263
4266
4268
4273
4274
4277
4278
4279
4285
4289
4295
4299
4302
4303
4304
4310
4313
4319
4323
4326
4328
4329
4337
4341
4342
4343
4344
4349
4350
4352
4356
4360
4361
4368
4369
4370
4372
4374
4378
4391
4393
4397
4398
4404
4407
4410
4411
4415
4420
4424
4428
4430
4435
4438
4439
4442
4452
4457
4458
4460
4462
4463
4464
4465
4473
4478
4479
4487
4491
4498
4504
4509
4514
4518
4519
4530
4532
4538
4539
4540
4543
4545
4546
4550
4557
4559
4563
4564
4568
4569
4570
4573
4576
4584
4590
4596
4598
4599
4601
4603
4608
4611
4616
4619
4621
4630
4631
4635
4645
4648
4650
4651
4653
4662
4665
4668
4676
4679
4683
4684
4685
4691
4696
4699
4707
4713
4715
4721
4724
4725
4727
4733
4735
4739
4747
4751
4754
4759
4762
4764
4768
4769
4770
4779
4780
4782
4784
4791
4792
4794
4795
4796
4799
4805
4813
4814
4815
4820
4823
4831
4834
4848
4849
4853
4854
4856
4857
4868
4871
4873
4878
4880
4885
4886
4887
4891
4892
4893
4902
4904
4912
4922
4923
4924
4932
4937
4941
4943
4944
4945
4946
4948
4954
4956
4957
4960
4961
4963
4966
4967
4968
4969
4972
4975
4977
4979
4989
4990
4991
4993
4995
4998
5001
5007
5011
5015
5017
5018
5023
5026
5031
5032
5035
5038
5044
5045
5047
5055
5056
5057
5059
5060
5069
5084
5086
5090
5098
5108
5110
5111
5115
5116
5130
5132
5134
5137
5141
5145
5147
5159
5161
5163
5171
5174
5175
5177
5181
5188
5189
5190
5198
5202
5203
5204
5205
5209
5210
5211
5214
5216
5219
5226
5230
5236
5237
5238
5239
5245
5247
5249
5250
5251
5252
5255
5256
5258
5259
5262
5267
5269
5272
5274
5278
5282
5284
5286
5287
5289
5295
5300
5301
5302
5303
5305
5311
5312
5318
5321
5324
5329
5335
5336
5340
5346
5349
5354
5359
5361
5362
5371
5372
5373
5374
5375
5380
5391
5396
5400
5407
5409
5410
5413
5415
5418
5423
5427
5438
5441
5443
5445
5447
5450
5453
5458
5459
5464
5466
5468
5477
5484
5488
5489
5491
5496
5505
5506
5509
5510
5516
5521
5524
5527
5529
5530
5533
5534
5535
5538
5540
5543
5545
5547
5548
5549
5552
5554
5557
5559
5562
5566
5574
5575
5576
5577
5584
5587
5589
5592
5594
5596
5600
5608
5610
5611
5614
5620
5623
5624
5641
5644
5645
5652
5660
5662
5664
5669
5675
5676
5678
5681
5684
5687
5691
5692
5693
5695
5701
5705
5709
5711
5714
5715
5718
5720
5721
5726
5727
5729
5730
5733
5735
5746
5748
5750
5752
5753
5754
5755
5759
5760
5767
5769
5770
5771
5780
5782
5784
5785
5786
5788
5790
5791
5793
5796
5799
5803
5805
5810
5817
5819
5822
5823
5826
5827
5835
5837
5838
5839
5842
5844
5851
5856
5859
5868
5872
5873
5876
5879
5881
5885
5887
5893
5900
5903
5907
5909
5912
5916
5922
5924
5925
5926
5927
5929
5931
5933
5934
5935
5941
5942
5943
5944
5947
5950
5951
5961
5962
5968
5970
5973
5974
5978
5981
5990
5994
6005
6007
6008
6011
6012
6015
6021
6029
6042
6047
6049
6050
6054
6055
6065
6069
6072
6074
6077
6081
6086
6094
6098
6099
6100
6101
6103
6108
6113
6115
6123
6126
6127
6129
6131
6133
6137
6141
6144
6146
6152
6153
6155
6159
6160
6161
6165
6167
6169
6171
6172
6173
6178
6179
6184
6186
6188
6189
6193
6197
6199
6200
6207
6214
6215
6223
6224
6229
6235
6242
6244
6245
6248
6257
6261
6263
6264
6271
6272
6274
6282
6284
6286
6287
6289
6293
6294
6295
6298
6299
6310
6311
6315
6316
6319
6322
6326
6328
6332
6333
6339
6341
6346
6349
6351
6354
6355
6361
6362
6364
6367
6368
6369
6372
6377
6380
6381
6384
6386
6388
6396
6401
6402
6408
6409
6422
6430
6438
6439
6441
6446
6449
6451
6452
6460
6463
6465
6471
6474
6476
6477
6480
6481
6482
6485
6489
6497
6498
6502
6506
6507
6513
6518
6522
6526
6527
6529
6534
6535
6537
6542
6543
6550
6554
6557
6565
6566
6569
6575
6576
6577
6578
6584
6587
6591
6594
6596
6598
6604
6608
6609
6613
6616
6625
6628
6630
6631
6632
6633
6636
6638
6645
6648
6649
6658
6661
6664
6667
6668
6671
6675
6676
6678
6683
6686
6690
6699
6702
6709
6712
6714
6716
6720
6722
6724
6726
6727
6729
6736
6738
6744
6747
6750
6752
6760
6764
6768
6769
6776
6781
6789
6792
6795
6804
6814
6815
6825
6826
6828
6829
6837
6854
6855
6856
6871
6875
6881
6889
6891
6892
6897
6898
6899
6900
6904
6908
6909
6911
6913
6920
6921
6925
6926
6927
6933
6934
6935
6937
6939
6947
6948
6950
6953
6954
6956
6958
6961
6968
6973
6979
6980
6983
6984
6985
6991
6992
6994
6999
7000
7002
7006
7010
7013
7019
7026
7031
7032
7033
7035
7036
7038
7041
7053
7055
7056
7058
7064
7066
7067
7074
7075
7076
7079
7084
7085
7086
7091
7100
7106
7113
7114
7119
7120
7124
7126
7129
7130
7133
7136
7144
7146
7153
7154
7158
7161
7167
7173
7175
7176
7183
7186
7201
7209
7213
7215
7219
7221
7222
7223
7224
7226
7229
7230
7237
7243
7245
7246
7250
7252
7253
7254
7255
7256
7257
7258
7259
7261
7263
7265
7266
7270
7271
7274
7281
7282
7292
7293
7294
7295
7299
7301
7306
7307
7308
7315
7316
7322
7325
7326
7328
7329
7337
7338
7352
7353
7359
7360
7361
7364
7366
7370
7371
7377
7380
7382
7383
7388
7397
7401
7407
7414
7415
7416
7417
7418
7420
7421
7422
7425
7429
7431
7434
7439
7443
7447
7451
7453
7463
7465
7467
7471
7476
7479
7484
7486
7493
7494
7502
7507
7508
7512
7515
7516
7517
7519
7524
7529
7530
7531
7538
7539
7540
7542
7551
7552
7556
7559
7563
7566
7571
7575
7576
7578
7581
7582
7583
7584
7602
7603
7604
7605
7606
7607
7609
7611
7614
7622
7623
7625
7626
7629
7631
7634
7640
7645
7647
7652
7653
7656
7657
7659
7665
7675
7677
7678
7681
7687
7688
7693
7696
7698
7699
7700
7704
7706
7713
7714
7720
7722
7725
7727
7728
7732
7734
7735
7737
7742
7743
7744
7751
7752
7753
7756
7758
7760
7766
7769
7770
7775
7776
7780
7784
7785
7787
7791
7793
7795
7798
7800
7801
7802
7804
7805
7808
7810
7811
7817
7819
7821
7824
7834
7835
7839
7843
7845
7849
7854
7856
7858
7861
7865
7867
7868
7872
7873
7876
7877
7878
7887
7888
7889
7890
7893
7895
7896
7898
7902
7903
7909
7912
7913
7919
7924
7925
7929
7933
7937
7944
7947
7954
7955
7956
7959
7963
7965
7975
7977
7979
7988
7989
7997
7999
8000
8002
8009
8013
8016
8021
8022
8025
8029
8043
8055
8061
8067
8068
8070
8072
8073
8081
8082
8091
8096
8101
8102
8106
8110
8111
8112
8113
8114
8115
8116
8122
8126
8128
8132
8133
8137
8138
8139
8141
8142
8143
8146
8149
8153
8157
8161
8162
8167
8171
8175
8178
8179
8180
8183
8185
8193
8199
8206
8213
8214
8216
8217
8223
8224
8225
8226
8231
8233
8234
8235
8236
8237
8238
8239
8240
8241
8242
8243
8244
8247
8248
8266
8270
8271
8275
8283
8286
8290
8291
8295
8307
8312
8314
8316
8324
8328
8329
8330
8332
8335
8337
8340
8343
8345
8347
8359
8360
8361
8362
8366
8367
8376
8382
8386
8388
8389
8390
8392
8393
8394
8395
8399
8402
8405
8406
8407
8413
8416
8419
8421
8423
8427
8434
8439
8441
8444
8446
8447
8450
8459
8461
8467
8474
8476
8480
8484
8488
8490
8493
8495
8496
8497
8499
8500
8503
8505
8506
8510
8518
8519
8522
8523
8525
8529
8531
8532
8537
8540
8544
8545
8547
8548
8556
8563
8573
8575
8579
8581
8595
8598
8599
8600
8601
8606
8609
8610
8612
8619
8622
8629
8634
8635
8638
8644
8647
8648
8652
8654
8657
8663
8667
8671
8676
8681
8692
8694
8699
8701
8702
8703
8704
8707
8708
8709
8713
8719
8720
8727
8729
8730
8732
8735
8741
8746
8752
8754
8755
8759
8760
8764
8773
8776
8784
8789
8790
8791
8792
8795
8797
8800
8804
8806
8814
8817
8818
8820
8822
8825
8829
8830
8834
8835
8846
8855
8856
8859
8865
8867
8871
8874
8876
8883
8885
8886
8887
8891
8895
8901
8902
8903
8904
8907
8909
8910
8912
8915
8919
8921
8924
8933
8935
8936
8937
8938
8939
8943
8946
8947
8948
8953
8958
8962
8963
8967
8968
8979
8980
8988
8990
8992
8994
8997
9003
9018
9019
9023
9025
9027
9029
9031
9036
9040
9048
9050
9056
9059
9061
9062
9064
9065
9067
9074
9075
9081
9092
9097
9098
9102
9106
9111
9115
9118
9121
9122
9127
9134
9138
9143
9146
9147
9151
9152
9153
9163
9164
9174
9176
9177
9181
9184
9190
9192
9195
9197
9200
9204
9207
9216
9226
9233
9235
9239
9244
9247
9249
9255
9258
9261
9262
9263
9265
9269
9270
9271
9277
9279
9280
9288
9289
9291
9296
9299
9301
9303
9304
9305
9307
9311
9312
9315
9322
9326
9328
9331
9333
9335
9338
9341
9343
9345
9349
9352
9355
9357
9358
9360
9361
9363
9364
9367
9373
9377
9379
9385
9386
9393
9395
9400
9406
9410
9412
9413
9415
9416
9420
9426
9432
9436
9437
9438
9440
9444
9449
9450
9453
9454
9459
9462
9465
9467
9470
9472
9473
9477
9482
9483
9486
9487
9491
9493
9499
9509
9517
9522
9525
9528
9530
9533
9536
9543
9550
9554
9557
9558
9560
9566
9568
9569
9571
9572
9575
9577
9581
9582
9583
9584
9586
9587
9593
9595
9598
9599
9607
9613
9616
9619
9625
9632
9634
9636
9640
9645
9646
9648
9649
9650
9655
9656
9658
9659
9664
9667
9670
9672
9674
9676
9677
9678
9680
9684
9685
9687
9688
9689
9693
9695
9696
9699
9701
9702
9708
9710
9715
9716
9717
9727
9728
9733
9736
9739
9741
9745
9750
9752
9754
9755
9756
9760
9762
9764
9765
9767
9770
9774
9781
9785
9791
9792
9795
9798
9813
9820
9821
9824
9834
9838
9841
9847
9850
9857
9858
9860
9863
9864
9866
9869
9871
9872
9875
9877
9878
9882
9883
9885
9888
9889
9896
9897
9900
9903
9907
9908
9909
9911
9914
9919
9921
9924
9925
9926
9942
9945
9946
9951
9953
9955
9956
9968
9969
9971
9972
9976
9978
9982
9985
9986
9988
9990
9993
9994
9995
9998
10001
10004
10020
10024
10025
10026
10027
10029
10030
10031
10034
10037
10040
10042
10046
10053
10054
10056
10057
10062
10072
10073
10077
10079
10082
10085
10086
10087
10095
10098
10099
10100
10102
10103
10105
10109
10110
10113
10119
10129
10140
10141
10145
10148
10149
10151
10152
10153
10155
10156
10159
10160
10168
10170
10171
10172
10176
10179
10182
10183
10189
10191
10196
10197
10200
10206
10213
10233
10234
10241
10248
10249
10256
10258
10259
10270
10275
10286
10287
10288
10293
10296
10305
10306
10312
10318
10319
10320
10325
10344
10347
10358
10359
10361
10363
10364
10365
10369
10370
10376
10377
10380
10397
10401
10406
10410
10413
10418
10424
10425
10430
10431
10432
10433
10438
10443
10444
10447
10450
10452
10465
10466
10468
10469
10473
10474
10479
10481
10485
10486
10494
10495
10498
10503
10507
10513
10514
10515
10517
10518
10519
10523
10524
10528
10529
10531
10532
10533
10534
10538
10543
10546
10556
10560
10562
10564
10566
10576
10579
10581
10582
10584
10585
10588
10591
10596
10601
10603
10604
10605
10609
10610
10611
10612
10622
10623
10630
10634
10636
10649
10651
10652
10653
10654
10662
10667
10676
10681
10682
10685
10686
10688
10692
10693
10695
10696
10697
10698
10702
10703
10707
10709
10713
10716
10718
10720
10722
10725
10729
10731
10732
10736
10737
10742
10747
10748
10751
10753
10754
10757
10759
10762
10763
10766
10768
10773
10783
10789
10791
10794
10795
10796
10799
10800
10801
10806
10812
10816
10817
10819
10825
10827
10835
10837
10840
10842
10846
10847
10848
10850
10853
10858
10861
10865
10868
10873
10876
10880
10883
10884
10886
10889
10890
10892
10894
10895
10896
10899
10900
10903
10908
10911
10912
10916
10919
10920
10923
10925
10928
10930
10932
10933
10934
10937
10939
10940
10945
10946
10950
10951
10957
10959
10965
10966
10967
10969
10970
10978
10981
10982
10985
10989
10991
11000
11002
11003
11004
11005
11007
11009
11010
11012
11014
11015
11018
11020
11021
11023
11026
11029
11032
11036
11038
11040
11043
11044
11045
11046
11047
11052
11054
11059
11062
11066
11068
11080
11082
11084
11087
11088
11089
11090
11091
11092
11093
11103
11106
11110
11114
11122
11123
11124
11128
11133
11138
11142
11143
11146
11149
11153
11156
11162
11164
11168
11173
11176
11178
11179
11181
11184
11185
11186
11187
11190
11192
11193
11194
11196
11198
11199
11205
11206
11213
11218
11219
11220
11224
11225
11226
11227
11228
11231
11235
11238
11243
11244
11247
11248
11250
11251
11261
11270
11273
11274
11275
11279
11280
11282
11284
11289
11290
11296
11311
11317
11320
11322
11323
11324
11326
11329
11334
11340
11342
11344
11345
11348
11351
11352
11353
11356
11361
11364
11367
11375
11378
11380
11381
11382
11383
11384
11387
11391
11393
11394
11397
11404
11406
11407
11409
11410
11411
11417
11418
11420
11427
11434
11435
11437
11440
11442
11445
11447
11451
11453
11460
11474
11475
11478
11480
11484
11486
11487
11489
11494
11496
11497
11507
11515
11519
11521
11522
11524
11527
11528
11537
11543
11550
11567
11570
11576
11577
11580
11585
11592
11594
11600
11603
11608
11610
11615
11623
11624
11627
11632
11633
11654
11661
11662
11665
11668
11669
11675
11677
11678
11679
11681
11683
11684
11686
11704
11708
11712
11720
11731
11733
11738
11740
11741
11751
11752
11753
11758
11759
11762
11764
11770
11775
11778
11780
11784
11793
11798
11800
11802
11804
11805
11806
11807
11810
11812
11816
11822
11823
11824
11828
11832
11833
11838
11842
11845
11848
11849
11850
11853
11855
11856
11861
11870
11874
11877
11886
11888
11891
11894
11895
11899
11902
11908
11915
11918
11919
11920
11921
11922
11933
11952
11956
11960
11966
11967
11968
11970
11973
11979
11980
11983
11984
11985
11987
11988
11990
11992
11994
11995
11996
12002
12004
12005
12011
12017
12024
12038
12042
12049
12054
12055
12058
12063
12074
12077
12079
12089
12090
12092
12094
12099
12108
12111
12113
12114
12116
12119
12120
12123
12125
12131
12132
12134
12140
12141
12146
12150
12156
12157
12160
12162
12164
12166
12171
12173
12177
12178
12181
12182
12184
12186
12187
12188
12197
12198
12201
12215
12217
12219
12223
12226
12228
12234
12236
12243
12245
12247
12252
12256
12258
12261
12269
12270
12271
12275
12277
12285
12287
12288
12291
12293
12297
12299
12302
12314
12315
12321
12327
12328
12329
12330
12331
12338
12343
12344
12347
12348
12352
12356
12359
12360
12361
12362
12371
12377
12378
12379
12383
12387
12388
12395
12396
12398
12404
12408
12409
12412
12414
12420
12421
12422
12423
12427
12432
12434
12435
12437
12439
12450
12451
12452
12453
12455
12457
12476
12478
12483
12486
12487
12492
12497
12499
12510
12513
12514
12515
12522
12526
12530
12531
12534
12538
12542
12550
12552
12555
12557
12559
12571
12577
12580
12582
12583
12585
12586
12587
12588
12593
12594
12599
12600
12605
12606
12612
12613
12615
12619
12622
12623
12627
12628
12629
12631
12635
12636
12638
12639
12641
12642
12643
12650
12652
12654
12657
12658
12668
12673
12674
12680
12684
12687
12697
12699
12703
12707
12711
12713
12717
12718
12720
12722
12727
12733
12741
12744
12747
12748
12751
12754
12755
12758
12764
12773
12774
12775
12777
12778
12783
12786
12790
12793
12797
12801
12803
12807
12808
12809
12812
12814
12817
12822
12824
12828
12830
12834
12835
12839
12846
12849
12854
12855
12858
12859
12860
12863
12869
12875
12877
12880
12883
12884
12886
12887
12888
12895
12897
12900
12903
12911
12925
12930
12931
12932
12933
12938
12941
12942
12945
12948
12953
12955
12960
12971
12986
12988
12998
13010
13013
13015
13017
13022
13027
13031
13032
13034
13039
13046
13051
13055
13063
13065
13066
13070
13072
13079
13080
13089
13090
13094
13096
13099
13103
13109
13110
13111
13112
13113
13121
13122
13125
13128
13131
13133
13135
13137
13139
13142
13149
13155
13159
13164
13177
13181
13186
13192
13193
13195
13196
13201
13208
13209
13210
13213
13216
13218
13232
13238
13239
13240
13243
13245
13246
13248
13254
13260
13263
13271
13274
13277
13280
13281
13282
13290
13292
13294
13295
13305
13306
13307
13315
13317
13322
13323
13328
13332
13334
13335
13337
13338
13341
13342
13344
13355
13371
13375
13376
13377
13378
13383
13384
13386
13389
13390
13396
13400
13401
13409
13414
13420
13426
13427
13431
13432
13433
13434
13435
13436
13440
13454
13456
13457
13458
13459
13462
13464
13465
13471
13474
13481
13482
13485
13486
13490
13494
13498
13500
13501
13503
13506
13510
13511
13516
13521
13524
13525
13527
13537
13538
13543
13544
13547
13548
13549
13552
13554
13558
13566
13567
13574
13579
13580
13595
13597
13598
13604
13605
13606
13607
13615
13622
13625
13629
13630
13631
13636
13645
13647
13653
13656
13659
13660
13663
13669
13677
13680
13681
13682
13692
13693
13695
13696
13709
13710
13711
13713
13720
13725
13728
13729
13733
13737
13743
13746
13750
13753
13755
13757
13758
13765
13767
13768
13769
13771
13774
13779
13782
13784
13785
13789
13796
13801
13809
13810
13811
13814
13818
13824
13827
13834
13835
13836
13838
13842
13846
13847
13848
13849
13864
13865
13873
13882
13885
13886
13894
13897
13902
13905
13907
13908
13911
13915
13922
13925
13928
13932
13933
13937
13941
13945
13946
13947
13949
13950
13954
13957
13958
13959
13960
13968
13971
13974
13976
13986
13987
13989
13993
13996
13997
14003
14008
14012
14013
14019
14020
14023
14024
14029
14037
14038
14046
14047
14048
14049
14050
14051
14053
14056
14060
14061
14062
14064
14066
14077
14080
14085
14087
14091
14092
14098
14099
14100
14101
14103
14105
14110
14114
14128
14129
14130
14131
14132
14136
14140
14147
14148
14153
14163
14165
14167
14173
14174
14183
14185
14193
14194
14195
14198
14199
14202
14210
14211
14226
14231
14234
14235
14237
14242
14243
14248
14249
14251
14253
14255
14258
14271
14272
14273
14275
14281
14284
14285
14293
14300
14302
14305
14308
14312
14320
14328
14337
14346
14348
14354
14355
14357
14362
14364
14365
14366
14374
14377
14378
14383
14385
14388
14390
14396
14401
14404
14406
14407
14411
14413
14419
14424
14425
14431
14437
14438
14442
14448
14453
14458
14465
14468
14470
14471
14477
14480
14481
14482
14483
14485
14486
14488
14492
14507
14510
14515
14517
14519
14520
14531
14532
14538
14539
14544
14546
14549
14555
14557
14558
14559
14560
14562
14563
14564
14566
14567
14569
14574
14578
14579
14584
14585
14591
14595
14599
14603
14608
14610
14611
14617
14625
14630
14631
14633
14637
14640
14641
14643
14648
14650
14651
14653
14656
14658
14670
14672
14677
14678
14679
14689
14697
14699
14703
14705
14706
14713
14715
14716
14718
14725
14728
14730
14731
14732
14734
14742
14744
14750
14757
14759
14761
14764
14767
14772
14776
14778
14780
14787
14788
14803
14804
14805
14809
14810
14812
14820
14822
14825
14826
14829
14833
14835
14836
14837
14842
14844
14849
14853
14856
14857
14860
14861
14863
14867
14874
14876
14881
14886
14887
14892
14893
14895
14901
14902
14903
14905
14909
14911
14912
14916
14920
14929
14930
14932
14933
14939
14941
14942
14943
14944
14951
14952
14957
14959
14960
14962
14969
14970
14971
14978
14982
14984
14985
14986
14987
14989
14992
14996
15001
15003
15004
15010
15017
15018
15027
15030
15033
15036
15038
15039
15048
15049
15052
15054
15064
15065
15066
15070
15072
15073
15075
15077
15079
15080
15082
15083
15085
15088
15094
15095
15097
15109
15111
15112
15113
15115
15117
15119
15121
15124
15132
15133
15134
15136
15138
15142
15143
15146
15148
15151
15152
15153
15156
15157
15159
15162
15164
15166
15171
15175
15176
15178
15180
15181
15184
15196
15198
15201
15203
15218
15224
15225
15226
15227
15231
15233
15242
15245
15246
15247
15250
15256
15258
15259
15263
15266
15273
15276
15278
15279
15280
15282
15283
15284
15288
15289
15290
15298
15308
15323
15331
15334
15337
15341
15343
15345
15347
15349
15352
15355
15356
15357
15359
15360
15363
15364
15367
15373
15377
15378
15383
15385
15387
15392
15393
15399
15404
15410
15414
15415
15420
15421
15427
15428
15430
15431
15438
15440
15448
15451
15454
15459
15465
15468
15481
15484
15493
15495
15497
15499
15508
15518
15522
15523
15534
15553
15555
15556
15557
15561
15568
15571
15572
15573
15574
15576
15577
15579
15591
15592
15594
15598
15603
15617
15622
15625
15629
15632
15638
15639
15643
15648
15651
15656
15658
15661
15664
15668
15669
15670
15671
15672
15677
15678
15684
15687
15688
15689
15691
15697
15698
15706
15710
15712
15715
15727
15730
15736
15739
15740
15743
15744
15745
15747
15748
15749
15752
15754
15760
15761
15765
15766
15767
15772
15775
15781
15785
15789
15792
15797
15800
15802
15805
15807
15810
15815
15816
15830
15831
15838
15840
15843
15847
15849
15852
15858
15864
15868
15871
15874
15886
15891
15894
15895
15897
15904
15905
15907
15910
15914
15917
15921
15925
15927
15928
15929
15931
15935
15944
15947
15950
15954
15959
15960
15962
15968
15979
15980
15982
15984
15986
15988
15989
15996
15998
16000
16002
16008
16023
16024
16034
16035
16041
16042
16044
16046
16051
16055
16056
16059
16060
16061
16069
16072
16073
16078
16082
16089
16097
16099
16106
16117
16121
16132
16133
16134
16138
16141
16149
16152
16154
16155
16156
16157
16158
16161
16165
16172
16181
16185
16196
16197
16199
16205
16213
16215
16217
16221
16223
16226
16238
16239
16241
16243
16244
16247
16249
16251
16252
16254
16257
16258
16260
16262
16263
16264
16277
16278
16282
16284
16285
16286
16292
16294
16295
16302
16303
16304
16305
16306
16307
16317
16318
16320
16322
16324
