0
3
4
6
7
8
9
11
13
14
15
17
18
19
20
21
22
24
25
27
28
31
32
34
35
36
37
39
40
42
43
44
45
46
49
50
51
52
53
54
55
57
60
61
62
64
65
67
68
69
70
71
72
73
74
76
77
80
82
83
84
85
86
87
88
89
90
91
92
93
94
95
96
98
99
101
104
105
106
108
109
110
111
113
115
117
120
121
123
124
126
129
130
132
133
134
137
140
143
144
145
146
147
149
150
151
152
153
154
155
156
157
159
160
161
162
163
165
167
168
170
171
174
175
178
179
180
181
182
183
185
186
187
191
192
194
195
196
197
198
199
200
203
205
207
208
209
210
213
214
215
216
217
218
219
221
223
225
227
228
229
230
231
232
233
234
236
238
239
240
241
242
243
244
246
248
249
250
251
253
255
256
258
260
261
263
264
266
269
270
271
273
274
275
277
278
280
281
282
283
284
289
290
292
293
294
295
297
299
300
301
302
303
304
306
307
308
309
310
311
312
313
314
315
316
317
318
319
320
321
322
324
325
326
327
328
329
330
331
334
335
338
339
340
341
342
343
345
346
349
350
351
352
355
356
357
358
362
363
364
366
368
369
370
371
372
374
375
376
377
378
379
380
381
382
383
385
387
389
390
391
393
394
395
396
398
400
401
402
404
405
407
408
410
412
414
418
419
420
421
424
425
426
427
429
432
433
434
439
440
442
443
444
445
446
447
448
449
450
453
454
455
457
458
459
460
461
462
465
467
468
469
470
471
473
475
476
477
478
479
481
482
483
485
486
487
488
489
490
492
493
494
495
497
498
499
500
501
502
503
505
506
507
508
509
512
513
514
515
518
519
520
521
522
524
525
527
529
532
536
537
539
541
542
543
545
547
548
549
550
552
553
554
555
556
559
560
562
565
566
568
569
570
571
572
573
577
580
581
582
583
587
589
590
591
592
593
594
595
596
598
599
601
602
603
606
607
608
609
612
615
617
618
620
621
622
623
624
625
626
628
629
632
633
634
635
638
639
640
641
642
644
645
647
650
651
653
654
656
657
659
660
661
662
663
664
666
667
669
670
673
674
675
676
677
678
679
680
681
683
684
686
688
689
690
691
692
693
694
695
697
698
699
702
703
704
705
708
709
710
711
713
716
717
720
721
722
725
726
727
728
729
730
731
732
733
734
735
736
737
738
739
740
741
742
743
744
745
749
750
751
752
753
754
755
756
757
758
761
762
765
766
767
769
772
774
775
777
778
780
781
782
784
785
786
788
789
790
791
792
794
795
796
798
799
800
801
802
803
804
805
806
807
809
812
813
815
816
817
818
819
820
821
825
826
827
828
830
832
833
834
835
836
839
840
843
846
848
849
853
854
855
856
857
858
859
860
862
863
864
865
867
868
870
871
874
875
876
877
878
879
880
881
882
884
888
890
892
893
895
896
898
899
900
901
904
905
907
909
911
912
913
914
916
917
918
919
920
921
922
923
924
926
927
928
929
932
933
935
936
937
938
939
941
942
943
945
946
948
949
951
952
953
956
957
959
960
961
962
963
964
965
966
968
970
971
973
975
979
986
987
988
989
990
991
993
999
1000
1001
1002
1003
1004
1006
1008
1009
1010
1013
1016
1020
1021
1022
1024
1027
1028
1029
1030
1031
1032
1035
1036
1038
1039
1040
1041
1043
1044
1045
1046
1047
1048
1051
1052
1054
1057
1058
1062
1063
1066
1067
1068
1069
1070
1071
1073
1075
1077
1078
1079
1080
1082
1083
1085
1087
1088
1089
1091
1092
1093
1094
1095
1096
1097
1098
1099
1100
1101
1102
1103
1105
1106
1107
1109
1111
1113
1114
1117
1118
1119
1120
1121
1122
1125
1126
1128
1130
1133
1134
1135
1137
1138
1140
1141
1142
1144
1145
1146
1147
1155
1156
1157
1159
1160
1161
1162
1164
1166
1168
1171
1172
1174
1177
1178
1181
1183
1184
1186
1187
1188
1189
1190
1191
1192
1193
1194
1195
1196
1197
1198
1199
1201
1202
1206
1207
1208
1210
1211
1212
1214
1216
1218
1219
1220
1222
1224
1225
1228
1230
1231
1232
1233
1235
1237
1238
1239
1240
1243
1244
1245
1246
1247
1249
1251
1252
1253
1254
1255
1257
1259
1260
1261
1262
1263
1265
1267
1269
1270
1272
1273
1274
1275
1276
1277
1278
1279
1280
1282
1283
1284
1285
1287
1289
1290
1291
1294
1296
1297
1299
1301
1303
1304
1305
1308
1309
1312
1314
1315
1321
1322
1323
1324
1325
1326
1327
1328
1329
1331
1332
1333
1334
1335
1336
1337
1338
1339
1342
1348
1349
1350
1353
1354
1356
1360
1361
1363
1365
1366
1367
1369
1370
1371
1372
1373
1374
1375
1376
1378
1380
1381
1382
1383
1384
1385
1386
1387
1388
1389
1390
1391
1392
1393
1394
1396
1397
1398
1399
1401
1402
1403
1404
1405
1406
1407
1409
1410
1411
1413
1415
1416
1417
1418
1419
1420
1422
1423
1425
1428
1430
1433
1435
1436
1437
1438
1439
1440
1441
1442
1443
1444
1447
1448
1449
1450
1451
1452
1453
1454
1456
1458
1459
1460
1461
1463
1464
1466
1467
1469
1471
1472
1474
1478
1479
1480
1481
1482
1483
1485
1488
1489
1490
1491
1494
1496
1501
1502
1503
1504
1505
1506
1507
1508
1509
1510
1514
1515
1516
1518
1520
1521
1522
1523
1524
1526
1527
1528
1531
1535
1538
1541
1543
1544
1546
1548
1551
1553
1554
1557
1558
1560
1563
1564
1565
1566
1567
1568
1569
1570
1571
1572
1573
1575
1576
1577
1578
1579
1580
1581
1582
1584
1585
1586
1592
1594
1595
1596
1597
1598
1602
1603
1604
1605
1611
1612
1614
1616
1618
1621
1622
1623
1624
1625
1627
1629
1630
1632
1634
1635
1636
1637
1639
1640
1641
1642
1644
1645
1646
1647
1650
1651
1652
1653
1654
1655
1658
1660
1663
1665
1666
1667
1668
1669
1670
1671
1672
1673
1674
1676
1677
1678
1679
1681
1684
1686
1687
1689
1690
1691
1692
1693
1694
1695
1696
1697
1702
1703
1704
1705
1706
1708
1709
1710
1712
1713
1714
1716
1718
1719
1721
1722
1723
1725
1726
1727
1728
1730
1731
1733
1735
1736
1737
1738
1740
1741
1743
1744
1745
1746
1749
1750
1751
1752
1753
1754
1756
1757
1759
1760
1761
1762
1763
1764
1765
1767
1768
1769
1770
1771
1772
1774
1777
1778
1779
1780
1782
1784
1785
1786
1787
1789
1791
1793
1794
1795
1796
1797
1799
1800
1801
1803
1806
1807
1808
1809
1810
1811
1812
1813
1815
1816
1819
1823
1824
1825
1826
1827
1828
1830
1832
1833
1836
1837
1838
1839
1840
1841
1843
1844
1846
1847
1848
1849
1850
1853
1854
1855
1856
1857
1858
1860
1861
1862
1863
1864
1865
1866
1867
1868
1869
1870
1871
1872
1873
1874
1876
1878
1879
1881
1882
1885
1887
1888
1889
1893
1896
1897
1898
1899
1901
1903
1904
1905
1906
1907
1912
1913
1914
1915
1917
1919
1920
1922
1923
1924
1926
1927
1928
1930
1934
1935
1940
1941
1943
1945
1947
1948
1949
1950
1952
1953
1954
1955
1957
1958
1960
1961
1962
1963
1965
1966
1968
1969
1970
1971
1972
1973
1975
1977
1978
1979
1980
1981
1982
1983
1987
1989
1990
1991
1993
1994
1995
1997
2000
2001
2002
2003
2004
2006
2007
2009
2010
2011
2012
2013
2014
2015
2016
2017
2018
2019
2020
2022
2023
2024
2025
2026
2029
2030
2031
2033
2036
2038
2039
2040
2041
2042
2043
2045
2046
2047
2049
2050
2051
2052
2053
2054
2055
2057
2059
2060
2062
2063
2064
2065
2068
2070
2071
2072
2073
2075
2076
2077
2078
2079
2080
2081
2082
2083
2084
2085
2086
2088
2090
2092
2094
2096
2098
2099
2100
2101
2102
2103
2104
2105
2107
2108
2109
2110
2111
2112
2113
2114
2115
2116
2117
2119
2120
2121
2122
2124
2125
2126
2127
2132
2135
2138
2140
2145
2146
2147
2149
2150
2152
2154
2156
2157
2158
2160
2161
2164
2165
2167
2168
2169
2172
2173
2174
2176
2177
2179
2181
2182
2183
2185
2186
2187
2188
2189
2191
2192
2193
2194
2195
2196
2197
2198
2199
2200
2201
2202
2204
2205
2207
2209
2210
2211
2213
2215
2216
2217
2218
2219
2220
2221
2223
2224
2225
2227
2228
2230
2231
2232
2233
2236
2238
2239
2240
2241
2242
2245
2246
2247
2249
2251
2252
2254
2255
2257
2260
2261
2262
2263
2264
2265
2266
2269
2270
2272
2273
2275
2276
2277
2278
2281
2282
2284
2285
2286
2288
2291
2292
2293
2295
2296
2297
2298
2299
2301
2302
2304
2305
2306
2307
2308
2311
2312
2313
2314
2315
2316
2318
2319
2321
2322
2323
2324
2325
2326
2328
2329
2330
2331
2332
2334
2335
2336
2337
2339
2342
2346
2347
2349
2356
2357
2358
2359
2360
2362
2363
2365
2367
2370
2371
2372
2373
2374
2375
2377
2378
2380
2381
2383
2385
2386
2387
2388
2390
2391
2392
2393
2394
2395
2396
2397
2398
2402
2403
2405
2406
2407
2408
2411
2412
2413
2415
2416
2417
2419
2420
2421
2423
2424
2426
2427
2428
2429
2433
2436
2437
2438
2439
2440
2441
2442
2443
2445
2447
2448
2450
2451
2452
2453
2454
2455
2457
2458
2460
2461
2462
2463
2464
2465
2466
2467
2468
2471
2472
2473
2474
2475
2477
2479
2480
2482
2484
2485
2486
2487
2488
2489
2490
2492
2493
2494
2495
2496
2497
2498
2500
2502
2504
2506
2508
2510
2511
2512
2515
2516
2517
2518
2520
2521
2522
2523
2525
2526
2527
2529
2531
2532
2533
2535
2536
2537
2538
2542
2543
2546
2549
2550
2551
2552
2553
2554
2558
2559
2561
2563
2564
2565
2566
2567
2569
2570
2571
2572
2574
2575
2576
2578
2579
2580
2581
2582
2585
2588
2589
2590
2591
2592
2593
2595
2597
2598
2599
2600
2602
2603
2605
2606
2607
2610
2611
2612
2613
2614
2616
2618
2619
2620
2621
2622
2624
2627
2629
2630
2631
2632
2634
2636
2637
2638
2640
2641
2647
2648
2649
2650
2652
2653
2654
2656
2657
2658
2660
2661
2662
2664
2666
2667
2668
2670
2671
2673
2675
2678
2679
2680
2681
2682
2683
2685
2686
2688
2689
2690
2692
2693
2694
2696
2697
2699
2700
2701
2702
2703
2704
2705
2706
2710
2711
2712
2714
2715
2718
2719
2720
2721
2723
2724
2726
2728
2729
2730
2731
2732
2734
2735
2736
2739
2740
2741
2742
2744
2745
2746
2747
2750
2751
2754
2755
2756
2757
2758
2759
2760
2761
2762
2764
2765
2769
2771
2775
2776
2777
2778
2780
2782
2783
2784
2786
2787
2788
2789
2790
2791
2792
2793
2794
2796
2797
2801
2802
2803
2805
2806
2807
2808
2812
2813
2814
2816
2817
2821
2822
2823
2825
2826
2828
2830
2831
2832
2833
2834
2835
2836
2837
2838
2839
2840
2841
2842
2843
2844
2845
2846
2847
2849
2850
2851
2858
2859
2861
2862
2863
2864
2865
2867
2870
2871
2872
2873
2874
2875
2876
2877
2878
2880
2881
2882
2883
2884
2886
2888
2890
2891
2892
2893
2895
2896
2898
2899
2902
2903
2904
2905
2906
2908
2909
2912
2914
2915
2916
2918
2919
2921
2922
2923
2924
2925
2926
2928
2931
2934
2935
2936
2937
2938
2941
2942
2944
2945
2946
2948
2949
2950
2951
2952
2953
2954
2955
2956
2957
2959
2960
2961
2962
2963
2966
2967
2968
2969
2970
2971
2973
2974
2975
2976
2977
2980
2981
2982
2983
2984
2985
2986
2987
2990
2991
2992
2994
2996
2997
2998
2999
3002
3004
3005
3006
3007
3008
3009
3011
3015
3017
3018
3019
3022
3023
3024
3026
3028
3029
3030
3031
3032
3033
3034
3035
3036
3037
3038
3039
3040
3043
3046
3048
3049
3050
3051
3052
3053
3054
3056
3061
3063
3064
3065
3066
3067
3068
3070
3071
3072
3073
3075
3076
3077
3078
3079
3081
3082
3083
3084
3085
3086
3087
3089
3090
3091
3093
3094
3097
3098
3099
3101
3102
3103
3104
3105
3107
3108
3109
3110
3112
3116
3117
3118
3119
3120
3121
3122
3123
3124
3126
3129
3131
3132
3134
3135
3136
3137
3140
3142
3145
3146
3147
3148
3149
3150
3151
3155
3156
3157
3158
3159
3160
3162
3163
3164
3165
3170
3172
3173
3174
3175
3176
3177
3178
3180
3181
3183
3184
3185
3186
3187
3190
3192
3194
3195
3198
3200
3201
3202
3203
3204
3205
3206
3207
3209
3212
3213
3215
3216
3217
3219
3220
3221
3222
3223
3224
3225
3226
3230
3231
3232
3233
3234
3235
3237
3243
3244
3245
3246
3248
3249
3251
3252
3253
3256
3257
3258
3260
3262
3263
3264
3265
3267
3268
3269
3270
3271
3273
3274
3275
3277
3278
3279
3281
3282
3283
3284
3286
3287
3288
3291
3292
3293
3294
3296
3298
3299
3300
3301
3302
3303
3304
3305
3306
3307
3308
3310
3311
3312
3313
3314
3315
3319
3320
3321
3323
3325
3326
3327
3329
3330
3331
3332
3333
3334
3335
3336
3337
3338
3339
3341
3343
3344
3345
3346
3349
3350
3351
3353
3356
3357
3359
3361
3364
3365
3366
3368
3369
3370
3371
3373
3374
3375
3377
3378
3379
3380
3381
3382
3383
3385
3387
3388
3389
3391
3392
3393
3396
3397
3399
3400
3401
3403
3404
3405
3406
3407
3408
3409
3410
3411
3412
3414
3415
3416
3417
3418
3420
3421
3422
3424
3429
3430
3431
3433
3435
3436
3437
3439
3442
3443
3444
3446
3447
3448
3451
3452
3453
3454
3455
3456
3457
3460
3461
3463
3464
3465
3466
3467
3468
3469
3472
3473
3474
3475
3476
3477
3478
3479
3482
3484
3486
3489
3491
3492
3493
3494
3496
3498
3499
3500
3501
3502
3503
3505
3506
3507
3508
3511
3512
3513
3514
3516
3518
3519
3520
3521
3522
3523
3525
3526
3528
3530
3533
3534
3535
3536
3541
3542
3543
3545
3547
3551
3552
3553
3555
3556
3558
3560
3561
3562
3564
3566
3567
3568
3569
3570
3571
3573
3575
3576
3578
3581
3582
3583
3584
3585
3587
3588
3589
3590
3592
3593
3594
3595
3596
3599
3600
3601
3602
3603
3604
3605
3606
3608
3609
3610
3612
3613
3614
3615
3616
3617
3619
3621
3622
3623
3626
3627
3628
3630
3632
3633
3634
3637
3638
3641
3642
3643
3644
3645
3646
3648
3649
3650
3652
3653
3654
3655
3656
3657
3658
3659
3661
3662
3663
3664
3667
3668
3671
3672
3673
3675
3676
3677
3678
3680
3681
3684
3685
3687
3688
3689
3690
3691
3692
3693
3694
3695
3696
3697
3699
3701
3703
3704
3705
3706
3707
3708
3709
3710
3712
3714
3715
3716
3717
3718
3720
3721
3722
3723
3724
3725
3731
3732
3733
3735
3736
3737
3738
3739
3740
3741
3742
3743
3744
3745
3746
3747
3748
3750
3753
3755
3757
3758
3759
3760
3763
3764
3765
3766
3767
3768
3769
3771
3773
3774
3775
3776
3778
3779
3780
3781
3782
3783
3785
3787
3788
3789
3790
3792
3793
3796
3797
3798
3799
3800
3801
3802
3804
3805
3806
3807
3809
3811
3812
3814
3815
3817
3818
3819
3820
3822
3823
3824
3825
3826
3827
3828
3829
3830
3831
3832
3834
3835
3836
3837
3839
3840
3841
3842
3843
3844
3845
3846
3847
3849
3852
3853
3854
3856
3857
3859
3861
3863
3864
3866
3867
3868
3871
3873
3874
3875
3877
3879
3880
3881
3882
3883
3884
3885
3886
3887
3888
3890
3891
3892
3893
3896
3897
3898
3899
3900
3901
3903
3904
3905
3906
3909
3910
3911
3913
3914
3915
3916
3917
3918
3920
3921
3922
3923
3924
3925
3926
3930
3931
3932
3933
3936
3937
3938
3939
3941
3942
3943
3944
3946
3947
3948
3949
3950
3951
3952
3953
3956
3957
3961
3962
3963
3964
3966
3967
3968
3969
3970
3971
3973
3974
3975
3977
3978
3980
3983
3987
3990
3993
3997
3998
3999
4000
4002
4003
4005
4007
4008
4010
4011
4012
4013
4015
4017
4019
4021
4022
4024
4025
4026
4027
4030
4034
4036
4037
4038
4039
4040
4044
4045
4047
4048
4049
4050
4051
4053
4054
4055
4056
4057
4058
4059
4060
4063
4064
4065
4066
4067
4069
4070
4074
4075
4077
4078
4079
4080
4081
4083
4085
4086
4087
4088
4089
4090
4092
4094
4096
4097
4098
4100
4102
4104
4105
4108
4109
4110
4113
4114
4115
4116
4118
4119
4120
4122
4124
4126
4128
4129
4131
4133
4134
4135
4136
4137
4139
4141
4142
4143
4144
4145
4146
4149
4150
4151
4152
4153
4154
4155
4157
4158
4160
4161
4162
4163
4164
4165
4166
4167
4168
4169
4170
4171
4173
4174
4176
4178
4179
4180
4181
4182
4183
4184
4187
4188
4189
4190
4191
4192
4193
4194
4195
4196
4197
4198
4199
4200
4203
4204
4205
4206
4207
4209
4211
4212
4213
4214
4216
4217
4219
4220
4221
4222
4223
4224
4225
4227
4229
4232
4234
4237
4238
4239
4241
4243
4245
4246
4247
4248
4252
4253
4258
4259
4260
4261
4262
4263
4264
4266
4267
4268
4270
4271
4272
4273
4274
4275
4276
4277
4278
4279
4280
4281
4282
4283
4284
4286
4287
4288
4289
4290
4291
4292
4293
4295
4296
4297
4299
4300
4301
4302
4303
4304
4305
4307
4308
4309
4310
4312
4313
4314
4318
4319
4320
4323
4324
4325
4326
4329
4330
4331
4332
4336
4337
4338
4339
4340
4341
4342
4343
4346
4347
4348
4349
4350
4352
4353
4355
4356
4357
4358
4359
4360
4361
4362
4363
4364
4365
4366
4367
4368
4369
4370
4371
4372
4373
4374
4377
4378
4380
4381
4382
4383
4384
4388
4389
4390
4391
4392
4393
4394
4395
4396
4397
4398
4399
4400
4401
4402
4403
4404
4406
4407
4408
4409
4410
4411
4413
4416
4418
4419
4421
4422
4423
4424
4425
4426
4428
4430
4431
4434
4435
4437
4438
4439
4441
4442
4443
4444
4445
4448
4449
4450
4452
4453
4454
4455
4456
4458
4459
4460
4461
4462
4463
4464
4465
4466
4467
4470
4471
4472
4473
4474
4476
4477
4479
4480
4482
4485
4486
4487
4488
4489
4490
4492
4495
4496
4497
4498
4499
4500
4501
4502
4503
4504
4506
4507
4508
4509
4511
4513
4514
4516
4517
4519
4520
4521
4522
4523
4525
4526
4527
4529
4530
4531
4532
4534
4535
4536
4537
4538
4539
4540
4541
4543
4544
4545
4546
4548
4552
4553
4555
4556
4557
4559
4560
4561
4562
4563
4565
4567
4568
4569
4572
4573
4574
4575
4578
4579
4580
4581
4582
4583
4584
4585
4586
4587
4588
4589
4592
4593
4595
4596
4597
4598
4599
4602
4603
4605
4607
4610
4611
4612
4613
4614
4616
4619
4620
4621
4623
4624
4626
4627
4628
4629
4632
4634
4635
4637
4638
4640
4641
4643
4645
4646
4647
4649
4650
4651
4652
4654
4655
4656
4657
4658
4661
4662
4663
4664
4665
4666
4669
4670
4672
4673
4674
4675
4676
4677
4678
4679
4680
4681
4682
4684
4686
4687
4688
4690
4693
4694
4695
4696
4697
4699
4700
4701
4702
4703
4704
4705
4710
4713
4714
4715
4716
4719
4721
4722
4723
4724
4725
4726
4728
4729
4730
4731
4732
4733
4736
4737
4738
4739
4740
4741
4743
4745
4746
4747
4748
4751
4755
4756
4758
4759
4760
4762
4763
4765
4766
4767
4768
4769
4770
4771
4772
4774
4776
4777
4778
4779
4780
4781
4783
4784
4787
4788
4789
4790
4791
4792
4793
4795
4797
4798
4799
4800
4801
4802
4803
4804
4807
4808
4809
4810
4811
4812
4813
4815
4816
4817
4818
4819
4820
4823
4824
4828
4829
4830
4832
4833
4834
4835
4837
4838
4839
4840
4841
4842
4843
4844
4846
4848
4849
4850
4852
4853
4854
4856
4857
4858
4860
4861
4863
4864
4865
4867
4870
4871
4872
4874
4875
4876
4877
4878
4880
4881
4882
4883
4885
4887
4888
4889
4891
4892
4893
4894
4896
4900
4901
4906
4907
4908
4910
4912
4915
4916
4917
4918
4921
4922
4923
4924
4925
4926
4927
4928
4929
4930
4931
4932
4933
4934
4937
4938
4939
4940
4941
4942
4944
4947
4948
4949
4951
4952
4953
4954
4955
4956
4957
4958
4959
4961
4962
4964
4965
4966
4967
4970
4971
4973
4974
4975
4978
4979
4982
4984
4985
4988
4989
4990
4991
4992
4993
4995
4996
4997
4999
5000
5001
5002
5003
5004
5005
5007
5010
5012
5013
5014
5017
5019
5021
5022
5023
5025
5026
5027
5028
5029
5031
5033
5034
5036
5037
5038
5039
5040
5042
5043
5045
5046
5047
5050
5054
5055
5056
5057
5058
5059
5060
5062
5063
5064
5065
5066
5068
5071
5073
5075
5076
5077
5078
5079
5081
5083
5086
5087
5088
5089
5090
5092
5093
5096
5098
5100
5101
5103
5105
5106
5107
5108
5109
5110
5111
5114
5115
5116
5117
5119
5120
5121
5124
5125
5126
5127
5129
5130
5131
5132
5134
5135
5136
5138
5140
5142
5143
5144
5145
5147
5148
5149
5151
5152
5154
5155
5156
5157
5158
5159
5160
5162
5163
5165
5166
5167
5168
5172
5173
5175
5178
5181
5182
5184
5185
5186
5187
5188
5189
5192
5193
5194
5195
5196
5198
5199
5200
5202
5203
5204
5205
5207
5208
5209
5212
5213
5214
5215
5216
5217
5218
5219
5220
5221
5222
5223
5224
5227
5228
5229
5230
5231
5234
5235
5237
5239
5241
5242
5243
5247
5248
5250
5251
5253
5254
5255
5256
5257
5258
5259
5260
5261
5262
5263
5264
5265
5266
5268
5269
5270
5271
5272
5273
5274
5275
5276
5277
5278
5282
5286
5287
5288
5289
5290
5291
5296
5298
5299
5303
5304
5305
5308
5310
5311
5312
5314
5315
5318
5319
5320
5323
5324
5327
5328
5329
5330
5331
5333
5334
5339
5340
5341
5342
5344
5345
5346
5348
5350
5352
5356
5358
5360
5361
5364
5365
5367
5368
5369
5371
5372
5375
5377
5378
5379
5380
5381
5382
5385
5388
5389
5391
5393
5394
5396
5397
5400
5401
5405
5408
5409
5411
5412
5414
5416
5417
5418
5419
5421
5422
5423
5424
5427
5429
5430
5431
5432
5433
5435
5436
5437
5438
5439
5442
5443
5445
5446
5447
5449
5451
5452
5453
5454
5455
5456
5457
5459
5461
5464
5465
5468
5470
5472
5473
5475
5476
5477
5478
5479
5480
5481
5483
5484
5485
5486
5487
5488
5489
5491
5493
5494
5496
5497
5499
5501
5502
5503
5505
5506
5507
5508
5509
5514
5515
5516
5517
5518
5519
5522
5524
5525
5526
5527
5528
5529
5532
5533
5534
5536
5537
5538
5540
5541
5542
5543
5544
5545
5547
5553
5554
5555
5556
5557
5558
5560
5562
5563
5566
5568
5569
5571
5572
5573
5575
5577
5579
5580
5581
5582
5587
5588
5589
5590
5591
5592
5594
5598
5600
5601
5602
5604
5606
5608
5609
5610
5611
5613
5614
5615
5617
5618
5619
5620
5625
5626
5628
5629
5630
5631
5632
5633
5634
5635
5636
5637
5643
5644
5645
5646
5647
5648
5650
5652
5654
5655
5656
5657
5658
5659
5660
5661
5662
5663
5664
5665
5666
5667
5669
5670
5671
5672
5675
5676
5678
5680
5681
5682
5683
5687
5690
5691
5692
5694
5696
5697
5698
5700
5702
5703
5706
5707
5709
5711
5712
5714
5715
5719
5720
5721
5722
5725
5726
5727
5728
5729
5732
5733
5735
5737
5738
5740
5741
5742
5744
5745
5746
5747
5749
5751
5752
5755
5756
5758
5760
5761
5763
5764
5765
5766
5767
5768
5769
5772
5773
5774
5776
5777
5778
5779
5781
5782
5783
5784
5785
5786
5787
5788
5789
5790
5792
5795
5796
5797
5801
5804
5805
5806
5807
5808
5809
5810
5811
5812
5813
5814
5815
5816
5819
5820
5821
5822
5823
5824
5826
5828
5829
5832
5833
5835
5837
5839
5841
5843
5844
5848
5849
5850
5853
5854
5855
5856
5858
5859
5860
5861
5862
5864
5865
5866
5867
5868
5869
5870
5871
5872
5873
5875
5876
5877
5879
5880
5881
5882
5883
5885
5886
5887
5890
5891
5893
5896
5897
5898
5899
5900
5901
5902
5903
5905
5906
5910
5911
5912
5915
5916
5917
5918
5919
5921
5922
5923
5924
5925
5926
5928
5929
5930
5932
5933
5934
5937
5938
5939
5940
5941
5942
5944
5946
5948
5949
5950
5952
5955
5956
5957
5958
5959
5960
5961
5962
5964
5967
5968
5969
5970
5971
5973
5974
5975
5976
5978
5979
5980
5982
5983
5984
5988
5989
5990
5991
5993
5994
5998
5999
6001
6002
6003
6004
6005
6009
6010
6011
6014
6015
6016
6020
6021
6022
6023
6024
6025
6026
6027
6028
6029
6030
6031
6032
6033
6035
6036
6037
6038
6039
6043
6045
6046
6047
6048
6049
6051
6052
6053
6054
6055
6056
6059
6060
6061
6062
6063
6066
6067
6068
6069
6070
6072
6078
6079
6080
6081
6083
6085
6087
6088
6089
6090
6091
6092
6095
6098
6100
6101
6102
6104
6105
6106
6107
6109
6110
6111
6112
6113
6114
6116
6117
6118
6119
6120
6121
6122
6123
6124
6127
6128
6129
6130
6131
6132
6135
6136
6138
6140
6142
6145
6148
6149
6151
6152
6155
6158
6159
6161
6163
6164
6166
6167
6168
6169
6170
6171
6172
6174
6175
6177
6178
6180
6181
6182
6183
6185
6187
6189
6192
6193
6195
6198
6199
6200
6202
6206
6207
6208
6214
6215
6219
6221
6222
6225
6227
6228
6229
6231
6233
6234
6235
6239
6240
6241
6242
6243
6245
6246
6247
6248
6249
6250
6251
6252
6253
6255
6259
6260
6261
6263
6264
6265
6266
6267
6268
6269
6270
6271
6274
6275
6276
6277
6278
6279
6282
6283
6286
6287
6288
6290
6291
6293
6295
6296
6297
6299
6300
6301
6302
6303
6305
6307
6309
6314
6315
6316
6317
6319
6320
6322
6323
6324
6325
6326
6327
6328
6330
6331
6334
6335
6336
6338
6339
6340
6341
6343
6344
6346
6348
6349
6350
6353
6358
6360
6361
6362
6363
6364
6366
6367
6368
6369
6370
6373
6374
6375
6376
6377
6378
6379
6380
6383
6384
6385
6386
6387
6389
6390
6391
6392
6393
6395
6397
6398
6400
6401
6402
6403
6404
6406
6407
6408
6409
6410
6412
6413
6414
6415
6417
6419
6420
6422
6424
6425
6426
6429
6430
6431
6432
6433
6435
6438
6440
6443
6444
6445
6446
6447
6448
6449
6450
6452
6453
6454
6456
6457
6459
6462
6463
6464
6465
6468
6469
6470
6471
6473
6474
6475
6477
6480
6484
6485
6486
6488
6489
6494
6497
6498
6499
6501
6502
6503
6504
6505
6506
6507
6508
6509
6511
6513
6514
6515
6516
6517
6518
6519
6520
6522
6523
6525
6528
6529
6530
6531
6532
6533
6534
6537
6538
6539
6540
6541
6542
6544
6545
6546
6547
6548
6549
6551
6552
6554
6555
6556
6558
6560
6562
6563
6564
6565
6567
6569
6570
6571
6572
6574
6577
6579
6583
6585
6586
6587
6588
6589
6590
6592
6596
6600
6601
6602
6603
6604
6605
6606
6608
6609
6610
6612
6613
6615
6616
6617
6620
6621
6622
6623
6624
6625
6626
6627
6628
6629
6630
6631
6632
6633
6634
6635
6638
6639
6640
6641
6642
6644
6646
6647
6648
6651
6652
6653
6654
6656
6657
6658
6659
6660
6661
6662
6665
6666
6667
6668
6669
6671
6672
6674
6676
6677
6679
6680
6681
6686
6687
6688
6689
6690
6692
6693
6694
6695
6697
6699
6700
6705
6707
6709
6710
6712
6714
6715
6716
6717
6718
6719
6723
6724
6725
6726
6728
6730
6731
6733
6734
6735
6736
6737
6738
6740
6742
6743
6744
6745
6746
6747
6748
6749
6750
6751
6752
6753
6754
6755
6757
6758
6760
6761
6762
6763
6765
6767
6769
6770
6771
6772
6773
6775
6777
6778
6779
6780
6781
6783
6784
6785
6788
6790
6791
6792
6793
6795
6797
6798
6799
6800
6802
6803
6805
6806
6807
6810
6811
6812
6813
6814
6815
6816
6817
6820
6824
6825
6829
6830
6831
6832
6833
6834
6835
6836
6838
6839
6840
6841
6842
6843
6844
6847
6848
6849
6850
6852
6854
6855
6856
6858
6859
6863
6864
6865
6866
6867
6868
6869
6870
6871
6872
6873
6874
6875
6876
6878
6879
6881
6882
6883
6884
6885
6886
6887
6890
6891
6892
6894
6895
6898
6901
6902
6903
6904
6905
6906
6907
6908
6909
6910
6911
6912
6915
6916
6917
6918
6920
6921
6922
6924
6925
6926
6927
6928
6930
6931
6932
6933
6935
6936
6938
6941
6942
6943
6944
6947
6948
6949
6950
6951
6952
6953
6954
6955
6956
6957
6958
6959
6961
6963
6966
6968
6970
6971
6972
6973
6974
6975
6976
6977
6979
6981
6983
6984
6985
6986
6989
6992
6993
6994
6995
6996
6998
6999
7001
7002
7004
7005
7006
7007
7008
7010
7012
7013
7014
7015
7016
7019
7020
7021
7022
7024
7025
7026
7027
7028
7029
7030
7031
7032
7033
7034
7035
7036
7037
7038
7039
7041
7044
7045
7047
7050
7052
7054
7056
7057
7058
7059
7061
7063
7064
7069
7070
7071
7073
7074
7076
7077
7079
7081
7082
7083
7084
7085
7086
7087
7088
7090
7091
7092
7093
7095
7098
7100
7102
7104
7107
7108
7111
7112
7113
7114
7115
7116
7118
7119
7123
7125
7126
7127
7128
7129
7131
7132
7133
7134
7135
7136
7137
7138
7139
7142
7144
7145
7146
7147
7148
7149
7150
7151
7153
7154
7155
7157
7158
7160
7161
7164
7166
7167
7168
7170
7171
7172
7173
7174
7175
7176
7177
7178
7179
7180
7181
7182
7183
7185
7186
7187
7188
7189
7190
7191
7192
7194
7195
7196
7197
7198
7199
7200
7201
7203
7204
7205
7207
7210
7211
7213
7214
7215
7216
7217
7219
7220
7221
7222
7223
7225
7226
7227
7228
7229
7231
7233
7234
7235
7236
7237
7238
7239
7240
7243
7245
7246
7248
7249
7250
7251
7252
7253
7254
7256
7257
7258
7259
7260
7264
7265
7266
7269
7270
7272
7274
7275
7276
7277
7278
7279
7280
7281
7282
7283
7284
7285
7286
7287
7288
7289
7291
7292
7294
7297
7298
7301
7302
7303
7304
7307
7308
7309
7310
7312
7315
7317
7318
7320
7321
7326
7327
7329
7330
7331
7332
7333
7334
7336
7337
7338
7339
7342
7343
7344
7345
7346
7347
7348
7351
7352
7354
7355
7356
7357
7358
7359
7360
7361
7362
7363
7365
7367
7368
7369
7372
7373
7374
7375
7376
7377
7379
7380
7381
7382
7383
7384
7386
7388
7389
7392
7393
7394
7395
7397
7398
7399
7400
7401
7402
7404
7405
7406
7408
7409
7410
7411
7412
7413
7414
7416
7417
7418
7419
7420
7422
7423
7426
7428
7429
7430
7431
7432
7434
7435
7437
7438
7439
7441
7442
7444
7445
7446
7449
7451
7452
7453
7454
7455
7456
7457
7458
7459
7462
7463
7465
7468
7470
7472
7473
7474
7475
7476
7478
7479
7481
7482
7485
7486
7487
7488
7491
7492
7493
7494
7495
7497
7498
7499
7500
7502
7503
7507
7508
7509
7510
7511
7513
7515
7516
7519
7520
7521
7523
7524
7525
7527
7528
7529
7530
7531
7532
7533
7534
7536
7538
7539
7540
7541
7542
7544
7545
7546
7548
7549
7550
7553
7555
7556
7558
7561
7562
7565
7566
7567
7568
7569
7571
7572
7573
7576
7577
7579
7580
7581
7583
7584
7585
7586
7588
7589
7590
7591
7593
7594
7595
7596
7597
7598
7599
7601
7602
7603
7604
7605
7607
7608
7609
7610
7611
7613
7614
7617
7618
7619
7621
7623
7624
7625
7626
7627
7628
7630
7631
7632
7635
7636
7638
7640
7641
7642
7643
7644
7646
7647
7648
7650
7653
7654
7656
7657
7658
7659
7661
7662
7663
7664
7669
7670
7673
7675
7677
7678
7680
7681
7682
7684
7686
7687
7690
7691
7693
7695
7696
7698
7699
7700
7702
7703
7704
7705
7706
7708
7709
7710
7711
7712
7713
7716
7717
7718
7719
7720
7721
7723
7725
7726
7727
7730
7731
7736
7737
7738
7740
7742
7744
7745
7746
7747
7749
7750
7751
7753
7754
7756
7757
7758
7760
7761
7764
7767
7770
7771
7772
7774
7775
7776
7777
7778
7779
7780
7781
7783
7784
7785
7786
7787
7788
7789
7790
7792
7793
7794
7795
7797
7799
7803
7804
7805
7806
7807
7808
7809
7810
7811
7812
7813
7814
7815
7816
7817
7818
7819
7820
7821
7824
7825
7826
7827
7828
7830
7831
7832
7833
7834
7835
7836
7837
7838
7839
7840
7842
7846
7847
7848
7850
7851
7853
7854
7855
7856
7857
7858
7859
7860
7861
7862
7863
7864
7865
7866
7867
7869
7870
7875
7876
7878
7880
7881
7884
7886
7887
7889
7892
7894
7896
7899
7900
7901
7904
7905
7907
7908
7909
7910
7911
7912
7913
7914
7915
7916
7917
7919
7920
7921
7922
7925
7926
7927
7930
7931
7932
7934
7935
7936
7938
7939
7940
7941
7942
7943
7944
7945
7946
7947
7948
7949
7950
7951
7952
7953
7956
7959
7960
7964
7965
7966
7968
7970
7973
7974
7975
7979
7980
7981
7983
7985
7986
7987
7988
7989
7990
7992
7996
7997
7999
8000
8001
8002
8003
8006
8007
8008
8009
8011
8012
8013
8014
8015
8016
8017
8018
8019
8021
8022
8024
8025
8026
8027
8028
8029
8030
8031
8032
8034
8035
8038
8039
8040
8041
8042
8043
8044
8045
8047
8048
8049
8050
8052
8053
8056
8057
8058
8059
8060
8064
8065
8066
8067
8068
8071
8073
8075
8077
8078
8082
8083
8086
8087
8091
8092
8093
8094
8095
8098
8099
8100
8101
8102
8103
8104
8108
8109
8110
8113
8114
8115
8116
8117
8118
8119
8120
8123
8124
8125
8127
8129
8130
8131
8132
8133
8134
8135
8137
8138
8140
8141
8142
8143
8146
8147
8149
8150
8154
8155
8157
8159
8160
8161
8162
8166
8167
8168
8169
8170
8171
8173
8175
8176
8178
8179
8181
8182
8183
8186
8187
8189
8190
8192
8194
8195
8196
8198
8200
8204
8206
8209
8210
8211
8213
8214
8215
8216
8217
8218
8219
8220
8221
8223
8224
8225
8226
8228
8229
8231
8232
8234
8235
8237
8239
8240
8241
8242
8243
8244
8246
8247
8248
8249
8250
8251
8253
8254
8256
8257
8258
8259
8261
8262
8263
8266
8267
8268
8270
8271
8272
8274
8275
8276
8278
8279
8280
8282
8284
8286
8289
8290
8291
8292
8293
8294
8295
8296
8298
8300
8302
8303
8304
8305
8306
8307
8308
8309
8310
8311
8313
8314
8316
8317
8318
8319
8321
8322
8323
8325
8327
8328
8331
8332
8334
8335
8337
8339
8341
8342
8345
8346
8347
8349
8350
8351
8352
8353
8354
8355
8356
8357
8358
8359
8360
8362
8363
8365
8366
8367
8368
8369
8370
8371
8372
8374
8375
8377
8378
8379
8381
8383
8385
8387
8390
8391
8393
8394
8396
8397
8398
8400
8401
8402
8403
8404
8405
8406
8407
8409
8412
8413
8414
8415
8416
8417
8418
8420
8421
8425
8426
8427
8430
8431
8432
8434
8435
8436
8437
8442
8443
8444
8445
8446
8448
8449
8451
8452
8453
8454
8456
8457
8458
8459
8460
8461
8467
8468
8470
8472
8475
8476
8477
8478
8479
8480
8481
8482
8484
8485
8486
8488
8489
8490
8492
8493
8494
8495
8496
8498
8499
8500
8503
8505
8506
8507
8508
8511
8512
8513
8514
8515
8516
8517
8519
8520
8521
8522
8523
8524
8526
8527
8529
8530
8531
8532
8534
8535
8536
8537
8539
8541
8542
8543
8544
8546
8548
8549
8550
8553
8554
8557
8558
8559
8560
8561
8562
8563
8565
8566
8567
8570
8571
8572
8573
8575
8576
8579
8582
8583
8585
8586
8587
8588
8589
8592
8593
8594
8595
8597
8600
8601
8603
8604
8605
8606
8607
8614
8615
8616
8617
8619
8620
8621
8622
8623
8624
8625
8626
8627
8628
8629
8630
8631
8632
8633
8634
8635
8637
8638
8639
8640
8642
8645
8646
8649
8650
8651
8653
8654
8655
8656
8657
8658
8659
8661
8663
8664
8665
8669
8670
8671
8675
8676
8678
8679
8680
8682
8684
8685
8686
8689
8692
8693
8694
8696
8697
8698
8699
8700
8702
8704
8705
8706
8707
8708
8709
8712
8713
8714
8718
8719
8720
8721
8724
8726
8727
8728
8729
8730
8731
8732
8735
8736
8737
8738
8739
8741
8742
8744
8746
8747
8748
8749
8751
8753
8754
8755
8757
8759
8760
8761
8762
8763
8764
8765
8766
8768
8770
8771
8772
8773
8774
8776
8778
8780
8781
8783
8784
8785
8787
8789
8791
8795
8796
8797
8798
8800
8801
8802
8803
8805
8806
8807
8808
8809
8811
8813
8814
8815
8816
8818
8820
8821
8824
8825
8826
8827
8829
8830
8831
8832
8833
8834
8836
8838
8839
8840
8842
8843
8845
8846
8847
8848
8849
8850
8851
8852
8853
8854
8855
8856
8858
8859
8861
8863
8866
8867
8870
8871
8872
8873
8877
8878
8879
8880
8881
8884
8887
8891
8893
8894
8897
8901
8902
8903
8904
8906
8907
8909
8911
8914
8916
8917
8918
8919
8920
8921
8922
8923
8924
8926
8927
8928
8929
8930
8931
8932
8935
8939
8941
8943
8944
8945
8946
8947
8948
8950
8951
8953
8954
8957
8961
8963
8964
8965
8967
8968
8969
8970
8971
8973
8975
8978
8980
8981
8982
8983
8984
8985
8986
8987
8990
8991
8992
8993
8996
8997
8998
8999
9000
9002
9004
9005
9007
9008
9009
9010
9011
9012
9014
9015
9016
9017
9019
9027
9028
9029
9030
9031
9033
9034
9037
9038
9041
9042
9044
9045
9047
9048
9049
9050
9052
9053
9054
9057
9059
9060
9061
9062
9063
9064
9066
9067
9068
9069
9070
9072
9073
9077
9078
9080
9081
9082
9084
9086
9087
9088
9089
9090
9091
9092
9094
9095
9097
9098
9099
9100
9101
9102
9103
9106
9107
9108
9109
9110
9111
9112
9114
9115
9116
9117
9118
9119
9120
9121
9122
9123
9124
9125
9127
9128
9129
9131
9132
9133
9134
9135
9136
9137
9139
9140
9141
9143
9144
9146
9147
9150
9151
9152
9153
9154
9155
9156
9157
9158
9160
9161
9162
9164
9165
9168
9169
9170
9172
9173
9175
9176
9177
9178
9179
9182
9183
9187
9190
9191
9192
9193
9194
9195
9196
9197
9198
9199
9200
9201
9202
9203
9205
9206
9208
9211
9212
9213
9214
9215
9216
9218
9224
9225
9228
9229
9230
9231
9232
9237
9239
9240
9241
9242
9246
9247
9248
9249
9251
9252
9253
9255
9256
9259
9263
9264
9266
9267
9268
9269
9270
9271
9272
9273
9275
9277
9278
9279
9280
9281
9282
9283
9284
9286
9290
9292
9293
9295
9298
9301
9302
9304
9305
9306
9307
9308
9309
9310
9312
9313
9315
9316
9317
9318
9319
9321
9322
9324
9326
9328
9329
9330
9331
9332
9333
9334
9335
9336
9337
9339
9340
9341
9342
9343
9344
9345
9346
9347
9348
9349
9351
9352
9354
9355
9356
9357
9358
9359
9361
9362
9365
9366
9368
9369
9370
9371
9374
9376
9378
9379
9380
9382
9383
9384
9387
9388
9389
9391
9393
9394
9395
9396
9397
9398
9401
9403
9404
9405
9406
9407
9408
9409
9411
9412
9413
9415
9416
9417
9418
9420
9421
9422
9423
9424
9426
9427
9428
9430
9431
9432
9433
9434
9436
9437
9439
9440
9441
9442
9443
9444
9445
9446
9447
9448
9449
9450
9451
9452
9454
9456
9457
9459
9460
9461
9462
9464
9465
9469
9470
9472
9473
9474
9475
9476
9477
9478
9479
9481
9482
9484
9485
9487
9488
9489
9490
9491
9493
9494
9495
9497
9498
9499
9500
9501
9503
9504
9505
9506
9507
9508
9511
9513
9514
9518
9519
9521
9522
9524
9526
9529
9530
9531
9532
9534
9535
9536
9537
9538
9539
9540
9541
9542
9545
9546
9547
9548
9549
9550
9551
9553
9554
9555
9558
9559
9561
9563
9565
9566
9567
9568
9570
9572
9573
9574
9575
9577
9578
9579
9580
9581
9582
9583
9584
9586
9587
9588
9591
9592
9593
9594
9595
9596
9597
9599
9600
9601
9606
9608
9609
9610
9614
9616
9617
9618
9619
9623
9624
9628
9629
9630
9631
9632
9633
9634
9635
9637
9638
9640
9643
9645
9646
9649
9653
9655
9656
9657
9659
9661
9662
9663
9664
9665
9666
9667
9668
9669
9672
9673
9674
9675
9676
9678
9680
9681
9682
9683
9684
9685
9686
9687
9688
9689
9690
9693
9695
9696
9697
9698
9700
9701
9702
9703
9708
9709
9710
9711
9712
9713
9714
9715
9716
9717
9718
9719
9721
9723
9726
9727
9729
9731
9732
9733
9734
9736
9737
9738
9739
9740
9741
9742
9743
9746
9747
9749
9750
9752
9753
9754
9755
9757
9758
9759
9761
9762
9764
9765
9766
9767
9768
9770
9771
9773
9774
9775
9776
9777
9778
9781
9782
9785
9787
9788
9790
9791
9792
9793
9794
9795
9796
9797
9798
9801
9802
9803
9805
9806
9807
9808
9809
9811
9813
9815
9817
9818
9819
9820
9821
9822
9823
9825
9826
9828
9830
9831
9832
9833
9835
9837
9839
9840
9841
9842
9845
9846
9847
9848
9849
9851
9852
9853
9854
9855
9856
9857
9858
9859
9860
9861
9862
9863
9865
9866
9868
9869
9871
9872
9873
9874
9875
9878
9879
9880
9881
9882
9883
9884
9885
9886
9887
9888
9889
9890
9892
9893
9895
9897
9905
9906
9907
9909
9910
9911
9912
9914
9915
9916
9917
9918
9919
9921
9923
9925
9926
9927
9928
9929
9930
9931
9933
9934
9935
9936
9937
9938
9939
9940
9941
9942
9943
9944
9948
9953
9955
9956
9958
9959
9961
9962
9963
9964
9965
9967
9968
9969
9970
9971
9972
9973
9975
9977
9978
9981
9985
9986
9987
9988
9989
9990
9992
9993
9995
9997
9998
9999
10000
10001
10004
10005
10006
10007
10008
10010
10011
10013
10014
10016
10017
10018
10019
10022
10023
10024
10026
10027
10028
10029
10030
10031
10032
10034
10035
10037
10038
10039
10040
10041
10042
10043
10044
10045
10046
10048
10050
10051
10052
10053
10054
10055
10057
10059
10060
10062
10063
10064
10068
10069
10071
10072
10074
10075
10077
10078
10082
10084
10086
10087
10089
10094
10095
10097
10098
10099
10102
10103
10104
10106
10107
10108
10109
10110
10121
10122
10123
10124
10125
10126
10127
10130
10131
10132
10137
10139
10140
10141
10142
10143
10144
10145
10146
10147
10150
10151
10152
10153
10154
10156
10157
10158
10162
10164
10166
10167
10168
10169
10170
10172
10173
10174
10176
10177
10179
10181
10182
10183
10186
10190
10194
10196
10197
10198
10200
10202
10205
10206
10208
10209
10210
10211
10212
10213
10214
10215
10216
10219
10220
10221
10222
10224
10225
10227
10228
10229
10231
10232
10233
10234
10235
10236
10237
10238
10239
10242
10243
10244
10245
10246
10248
10249
10250
10251
10252
10253
10254
10255
10257
10258
10260
10261
10262
10263
10264
10265
10266
10269
10270
10271
10272
10273
10275
10278
10279
10280
10282
10283
10284
10285
10286
10287
10288
10290
10293
10294
10295
10296
10298
10299
10300
10301
10302
10303
10304
10305
10308
10309
10310
10311
10312
10314
10316
10318
10320
10321
10322
10323
10324
10325
10326
10329
10330
10331
10332
10333
10335
10337
10340
10341
10342
10344
10345
10348
10349
10350
10351
10352
10353
10354
10355
10356
10357
10359
10362
10363
10364
10365
10366
10368
10374
10375
10376
10377
10378
10380
10381
10382
10383
10384
10386
10387
10388
10389
10390
10394
10395
10398
10399
10400
10401
10402
10405
10406
10409
10410
10411
10413
10414
10417
10418
10419
10420
10422
10423
10426
10427
10428
10431
10433
10434
10435
10436
10437
10438
10440
10441
10442
10443
10445
10446
10447
10448
10449
10451
10453
10454
10455
10456
10457
10458
10459
10461
10462
10463
10464
10466
10467
10468
10469
10470
10471
10472
10474
10475
10477
10479
10480
10481
10482
10483
10484
10485
10487
10488
10490
10491
10492
10493
10496
10497
10498
10500
10501
10502
10503
10504
10505
10506
10508
10509
10510
10511
10513
10514
10515
10516
10517
10518
10519
10520
10521
10522
10524
10525
10526
10527
10528
10529
10530
10531
10533
10534
10535
10536
10537
10538
10539
10542
10544
10547
10548
10549
10551
10552
10553
10555
10558
10559
10560
10561
10567
10568
10570
10571
10572
10575
10576
10577
10578
10579
10580
10582
10583
10586
10587
10588
10589
10590
10591
10592
10596
10597
10598
10599
10600
10601
10604
10605
10606
10608
10609
10610
10611
10612
10613
10614
10615
10616
10617
10618
10619
10620
10621
10622
10623
10624
10625
10627
10629
10630
10631
10632
10633
10634
10637
10638
10640
10641
10642
10643
10644
10645
10647
10649
10651
10652
10654
10655
10656
10658
10659
10660
10661
10663
10665
10666
10667
10668
10669
10670
10672
10673
10674
10675
10676
10680
10681
10682
10684
10685
10686
10687
10689
10691
10692
10694
10695
10696
10697
10700
10701
10703
10704
10705
10706
10707
10708
10709
10710
10711
10712
10714
10716
10717
10718
10720
10723
10724
10726
10728
10730
10732
10733
10734
10735
10739
10740
10743
10745
10746
10748
10749
10753
10754
10755
10756
10758
10760
10761
10762
10764
10765
10766
10767
10770
10771
10772
10773
10775
10776
10777
10778
10780
10781
10782
10784
10785
10786
10788
10791
10792
10793
10794
10795
10797
10802
10803
10805
10806
10807
10808
10809
10810
10811
10812
10813
10814
10815
10817
10818
10819
10820
10821
10822
10824
10825
10827
10828
10829
10833
10834
10835
10836
10837
10838
10839
10841
10842
10846
10847
10848
10850
10851
10852
10853
10855
10856
10858
10860
10861
10862
10863
10865
10867
10868
10869
10870
10871
10872
10873
10874
10875
10876
10877
10878
10879
10880
10882
10883
10884
10885
10886
10887
10889
10891
10892
10893
10897
10898
10899
10901
10903
10904
10905
10907
10908
10909
10910
10911
10912
10913
10915
10916
10918
10919
10920
10924
10925
10926
10927
10928
10929
10930
10931
10932
10933
10935
10936
10937
10940
10941
10942
10943
10945
10946
10947
10948
10950
10953
10955
10957
10959
10961
10963
10964
10965
10966
10967
10968
10969
10971
10972
10975
10977
10978
10979
10980
10982
10983
10984
10987
10988
10989
10991
10994
10995
10997
10998
11000
11001
11002
11003
11004
11006
11007
11008
11009
11010
11011
11012
11014
11015
11017
11018
11019
11021
11022
11023
11025
11027
11029
11030
11031
11033
11034
11035
11037
11038
11039
11040
11041
11042
11044
11047
11049
11050
11051
11052
11054
11055
11056
11057
11059
11060
11061
11062
11066
11067
11068
11069
11070
11071
11072
11073
11074
11075
11078
11080
11081
11082
11085
11086
11087
11088
11089
11090
11091
11093
11094
11096
11097
11099
11100
11101
11102
11104
11105
11107
11108
11109
11110
11111
11113
11114
11115
11116
11117
11118
11119
11120
11121
11122
11123
11125
11126
11127
11130
11131
11132
11133
11134
11135
11136
11140
11141
11146
11147
11148
11150
11151
11152
11153
11154
11157
11158
11159
11162
11164
11166
11167
11168
11169
11170
11171
11173
11177
11178
11179
11180
11181
11182
11184
11186
11187
11188
11189
11191
11192
11193
11196
11197
11198
11199
11200
11201
11202
11203
11204
11206
11210
11213
11214
11218
11219
11220
11221
11223
11224
11225
11226
11227
11228
11230
11232
11233
11234
11235
11236
11237
11238
11239
11240
11244
11245
11247
11249
11250
11251
11252
11253
11255
11256
11257
11258
11259
11260
11261
11263
11266
11267
11268
11269
11271
11273
11274
11277
11278
11280
11283
11284
11285
11286
11287
11288
11289
11290
11292
11293
11296
11297
11298
11299
11301
11303
11304
11305
11309
11310
11312
11314
11315
11316
11317
11321
11324
11325
11327
11328
11330
11332
11333
11335
11338
11341
11342
11343
11344
11345
11346
11347
11348
11349
11352
11353
11355
11358
11360
11361
11363
11365
11367
11368
11369
11370
11372
11375
11376
11377
11379
11380
11382
11383
11387
11389
11390
11391
11392
11394
11396
11397
11399
11400
11401
11402
11405
11407
11409
11410
11414
11415
11417
11418
11419
11420
11424
11429
11430
11431
11432
11433
11434
11435
11436
11438
11439
11441
11443
11444
11446
11448
11449
11451
11452
11453
11455
11456
11457
11458
11459
11460
11461
11466
11467
11468
11469
11471
11472
11473
11474
11475
11477
11478
11480
11481
11482
11483
11484
11486
11487
11489
11490
11491
11495
11496
11498
11499
11500
11501
11503
11504
11506
11508
11509
11510
11511
11512
11513
11514
11515
11516
11517
11519
11521
11522
11523
11524
11525
11527
11528
11531
11532
11536
11539
11540
11541
11542
11543
11545
11546
11547
11549
11551
11552
11554
11556
11557
11558
11560
11561
11563
11564
11565
11568
11569
11571
11572
11575
11577
11579
11581
11582
11583
11584
11585
11587
11588
11590
11591
11593
11594
11595
11596
11597
11598
11600
11601
11602
11604
11606
11610
11611
11612
11615
11616
11617
11619
11620
11621
11622
11624
11626
11627
11628
11629
11630
11632
11634
11637
11638
11639
11640
11641
11644
11645
11646
11647
11648
11649
11650
11651
11652
11653
11654
11655
11656
11657
11659
11661
11663
11666
11667
11668
11670
11672
11673
11674
11675
11676
11677
11679
11680
11681
11682
11683
11684
11685
11687
11688
11690
11691
11692
11696
11698
11699
11700
11702
11703
11706
11708
11710
11711
11713
11714
11715
11716
11717
11719
11720
11721
11722
11723
11724
11725
11726
11727
11728
11729
11730
11731
11732
11733
11734
11735
11738
11739
11740
11741
11742
11743
11744
11746
11747
11751
11752
11753
11754
11755
11756
11757
11758
11760
11761
11762
11764
11765
11766
11767
11768
11770
11772
11773
11774
11775
11776
11777
11780
11781
11782
11783
11784
11787
11791
11792
11793
11794
11795
11797
11799
11800
11802
11803
11805
11806
11807
11808
11809
11810
11811
11812
11816
11817
11819
11820
11821
11822
11824
11825
11826
11827
11828
11829
11831
11833
11834
11835
11837
11838
11839
11840
11841
11843
11844
11845
11848
11850
11851
11853
11854
11855
11856
11857
11859
11860
11861
11862
11864
11865
11867
11868
11869
11870
11872
11875
11876
11878
11879
11881
11882
11884
11885
11886
11889
11892
11894
11895
11896
11898
11899
11901
11902
11904
11907
11908
11909
11910
11911
11912
11914
11915
11916
11920
11921
11924
11925
11926
11927
11929
11931
11934
11937
11940
11942
11943
11945
11947
11948
11949
11950
11952
11953
11954
11959
11961
11964
11965
11967
11969
11970
11971
11972
11974
11975
11976
11978
11979
11980
11981
11985
11986
11987
11988
11990
11991
11992
11994
11996
11997
11998
12000
12002
12005
12006
12007
12008
12009
12010
12013
12015
12017
12018
12019
12021
12022
12023
12024
12026
12027
12030
12032
12033
12035
12036
12038
12039
12040
12042
12044
12045
12046
12047
12048
12049
12051
12052
12053
12054
12055
12056
12057
12059
12060
12061
12062
12063
12064
12065
12066
12067
12069
12070
12072
12074
12075
12076
12077
12079
12080
12081
12082
12083
12084
12085
12087
12089
12091
12092
12093
12094
12096
12097
12098
12099
12100
12101
12103
12104
12105
12107
12108
12109
12110
12112
12113
12114
12115
12116
12118
12119
12122
12123
12124
12125
12127
12128
12129
12130
12131
12134
12135
12136
12138
12139
12140
12141
12143
12144
12145
12146
12147
12148
12149
12150
12151
12154
12155
12156
12157
12158
12159
12160
12161
12162
12163
12164
12165
12166
12168
12169
12171
12172
12173
12174
12175
12176
12177
12178
12179
12180
12182
12183
12184
12185
12186
12187
12188
12189
12190
12191
12193
12195
12196
12197
12198
12199
12200
12201
12202
12204
12206
12207
12208
12210
12212
12213
12215
12216
12217
12218
12219
12220
12223
12224
12225
12226
12227
12229
12231
12234
12235
12236
12237
12238
12239
12241
12243
12245
12246
12247
12248
12250
12252
12253
12256
12259
12266
12268
12270
12272
12273
12274
12276
12277
12278
12279
12282
12283
12284
12286
12287
12288
12289
12290
12291
12293
12295
12298
12300
12301
12302
12303
12304
12306
12307
12308
12309
12311
12312
12313
12314
12316
12317
12320
12321
12322
12324
12326
12327
12328
12329
12330
12332
12333
12335
12338
12340
12341
12342
12343
12345
12346
12347
12348
12353
12354
12356
12357
12358
12359
12360
12364
12366
12368
12369
12371
12372
12373
12375
12376
12378
12379
12380
12381
12382
12383
12384
12386
12387
12389
12391
12393
12395
12396
12397
12398
12400
12401
12403
12404
12405
12406
12407
12408
12411
12412
12413
12414
12415
12417
12418
12419
12420
12421
12422
12424
12427
12429
12431
12434
12436
12438
12439
12440
12443
12444
12448
12449
12450
12451
12452
12454
12456
12457
12458
12461
12462
12463
12464
12470
12471
12472
12473
12474
12475
12476
12478
12479
12480
12481
12482
12483
12484
12485
12487
12488
12489
12491
12493
12495
12496
12497
12499
12500
12501
12502
12503
12504
12505
12507
12508
12509
12510
12511
12512
12516
12517
12518
12520
12522
12524
12525
12527
12528
12529
12532
12534
12535
12536
12537
12539
12540
12542
12543
12545
12547
12549
12551
12553
12555
12556
12558
12559
12560
12561
12562
12563
12565
12566
12567
12568
12569
12571
12573
12574
12575
12576
12577
12578
12579
12581
12582
12583
12584
12586
12587
12590
12592
12593
12594
12595
12596
12597
12598
12599
12600
12601
12602
12604
12605
12606
12609
12610
12611
12612
12613
12614
12615
12617
12618
12620
12621
12622
12623
12626
12628
12631
12632
12633
12636
12638
12639
12640
12641
12642
12643
12645
12646
12647
12650
12651
12652
12653
12654
12655
12656
12657
12658
12659
12662
12663
12665
12666
12668
12670
12672
12674
12675
12679
12681
12682
12683
12685
12687
12688
12689
12690
12691
12692
12693
12694
12696
12698
12699
12701
12702
12703
12704
12705
12706
12708
12710
12713
12714
12715
12716
12717
12719
12720
12721
12723
12724
12728
12729
12730
12731
12732
12735
12736
12737
12739
12740
12741
12742
12743
12744
12745
12746
12747
12749
12752
12753
12755
12756
12759
12760
12761
12762
12763
12764
12765
12766
12767
12768
12769
12770
12771
12774
12775
12777
12778
12779
12780
12781
12782
12784
12786
12788
12789
12791
12792
12793
12794
12796
12797
12798
12799
12800
12801
12802
12803
12804
12806
12807
12809
12810
12812
12814
12815
12816
12818
12819
12820
12821
12822
12825
12828
12829
12830
12831
12832
12833
12834
12835
12838
12839
12841
12843
12844
12845
12846
12847
12848
12849
12853
12854
12855
12856
12858
12861
12862
12863
12864
12865
12866
12868
12869
12870
12872
12873
12874
12876
12877
12879
12881
12882
12883
12884
12885
12887
12889
12890
12891
12893
12894
12895
12897
12898
12900
12901
12902
12903
12906
12907
12908
12909
12912
12914
12915
12918
12919
12920
12924
12925
12926
12927
12928
12929
12930
12931
12932
12934
12935
12937
12938
12939
12940
12941
12942
12944
12946
12947
12948
12949
12950
12951
12952
12953
12954
12955
12956
12958
12959
12962
12963
12965
12966
12967
12968
12969
12970
12971
12972
12974
12975
12976
12977
12978
12980
12981
12983
12984
12985
12986
12987
12988
12989
12991
12994
12995
12996
12997
12998
12999
13001
13003
13005
13007
13009
13010
13011
13012
13015
13016
13017
13018
13023
13024
13025
13026
13028
13029
13030
13032
13033
13035
13037
13038
13039
13040
13041
13042
13044
13045
13047
13048
13049
13050
13051
13052
13053
13054
13056
13058
13060
13063
13064
13065
13067
13068
13069
13070
13071
13072
13073
13074
13075
13076
13077
13078
13079
13080
13081
13083
13087
13088
13090
13091
13092
13093
13094
13095
13096
13097
13098
13099
13101
13102
13103
13105
13106
13108
13109
13112
13113
13114
13115
13117
13118
13119
13120
13124
13126
13127
13129
13131
13132
13133
13134
13137
13140
13141
13143
13144
13145
13146
13147
13148
13149
13151
13153
13154
13155
13156
13158
13160
13161
13164
13167
13169
13171
13172
13173
13174
13175
13177
13179
13181
13182
13183
13184
13185
13187
13188
13189
13190
13192
13193
13195
13196
13197
13198
13199
13200
13202
13203
13205
13206
13207
13209
13210
13214
13217
13218
13219
13220
13221
13222
13223
13224
13225
13226
13227
13228
13229
13232
13233
13235
13236
13237
13238
13239
13240
13241
13244
13245
13246
13247
13248
13249
13250
13251
13253
13254
13255
13256
13258
13259
13260
13261
13262
13264
13265
13266
13267
13268
13270
13271
13272
13276
13278
13279
13280
13282
13283
13285
13289
13291
13292
13293
13294
13295
13296
13297
13300
13301
13302
13303
13304
13305
13306
13307
13308
13309
13310
13311
13313
13314
13315
13316
13317
13318
13319
13320
13321
13322
13323
13324
13325
13326
13327
13328
13330
13331
13332
13336
13337
13338
13339
13340
13345
13346
13348
13349
13350
13352
13353
13355
13358
13359
13363
13364
13365
13366
13367
13370
13371
13373
13374
13376
13377
13378
13382
13383
13384
13385
13386
13387
13388
13389
13390
13391
13394
13395
13396
13397
13399
13400
13401
13403
13405
13407
13409
13411
13412
13413
13414
13418
13421
13423
13424
13425
13426
13427
13430
13432
13433
13434
13436
13437
13438
13440
13441
13443
13445
13446
13448
13449
13450
13453
13455
13458
13459
13461
13462
13463
13465
13467
13468
13469
13471
13472
13474
13475
13476
13477
13481
13482
13483
13484
13486
13487
13488
13490
13491
13492
13493
13494
13495
13496
13499
13500
13501
13502
13503
13504
13505
13506
13507
13509
13512
13513
13514
13516
13517
13518
13519
13520
13521
13522
13523
13524
13525
13526
13527
13528
13531
13533
13534
13535
13538
13539
13541
13544
13545
13547
13548
13549
13550
13551
13552
13553
13554
13555
13556
13559
13562
13563
13565
13566
13568
13571
13574
13575
13576
13578
13579
13580
13581
13582
13583
13584
13585
13586
13587
13588
13589
13590
13591
13592
13594
13596
13597
13598
13599
13600
13601
13603
13604
13605
13606
13607
13608
13609
13610
13611
13613
13615
13616
13617
13620
13624
13625
13626
13627
13630
13631
13632
13633
13634
13635
13636
13637
13638
13639
13642
13643
13644
13645
13646
13647
13648
13649
13651
13652
13653
13654
13656
13657
13658
13659
13660
13661
13662
13665
13666
13667
13668
13669
13670
13671
13672
13674
13676
13678
13679
13680
13682
13684
13686
13687
13688
13689
13690
13691
13692
13693
13694
13696
13697
13698
13699
13701
13703
13704
13705
13707
13708
13709
13711
13713
13715
13717
13718
13721
13722
13723
13724
13726
13729
13731
13732
13733
13734
13735
13737
13738
13739
13741
13743
13745
13746
13748
13749
13750
13751
13753
13756
13759
13761
13762
13763
13764
13765
13766
13772
13773
13774
13776
13777
13778
13780
13781
13783
13784
13785
13786
13787
13788
13791
13793
13794
13795
13796
13798
13799
13800
13801
13802
13804
13805
13806
13807
13808
13809
13810
13812
13813
13814
13815
13817
13819
13820
13822
13823
13824
13825
13826
13827
13828
13829
13830
13832
13835
13838
13840
13842
13843
13845
13846
13848
13849
13850
13851
13852
13853
13854
13855
13856
13858
13859
13861
13862
13863
13867
13869
13870
13871
13872
13873
13875
13876
13879
13880
13881
13882
13884
13885
13886
13888
13889
13890
13892
13893
13894
13896
13897
13899
13901
13902
13904
13905
13908
13909
13910
13912
13913
13914
13916
13918
13920
13921
13922
13924
13926
13927
13928
13931
13932
13933
13934
13935
13937
13938
13939
13940
13944
13945
13946
13947
13948
13949
13952
13953
13954
13955
13956
13957
13959
13960
13961
13962
13963
13964
13967
13968
13969
13974
13975
13977
13979
13980
13981
13982
13985
13986
13987
13989
13991
13992
13993
13994
13996
13997
13998
13999
14000
14003
14004
14005
14009
14010
14013
14016
14017
14018
14020
14021
14022
14023
14024
14025
14028
14030
14031
14032
14033
14037
14040
14041
14042
14043
14044
14047
14048
14049
14051
14052
14053
14054
14056
14058
14059
14060
14061
14063
14064
14067
14068
14069
14070
14071
14076
14077
14079
14081
14082
14083
14084
14086
14087
14088
14091
14093
14094
14095
14098
14099
14100
14101
14103
14105
14106
14107
14108
14109
14110
14112
14113
14118
14119
14120
14121
14122
14123
14124
14125
14126
14127
14128
14129
14130
14131
14132
14133
14134
14136
14137
14139
14142
14143
14144
14145
14148
14149
14150
14151
14153
14156
14157
14158
14159
14160
14162
14163
14164
14165
14166
14167
14168
14169
14171
14172
14174
14175
14176
14178
14179
14180
14181
14182
14183
14184
14185
14187
14188
14189
14190
14191
14193
14194
14195
14196
14197
14200
14201
14202
14204
14205
14206
14207
14208
14209
14210
14211
14212
14215
14216
14217
14220
14222
14223
14224
14225
14226
14227
14229
14231
14234
14235
14236
14237
14238
14239
14240
14241
14243
14244
14245
14247
14248
14249
14251
14252
14255
14256
14257
14258
14260
14261
14262
14264
14266
14270
14272
14274
14276
14277
14279
14280
14281
14282
14283
14284
14285
14287
14288
14289
14291
14292
14294
14296
14297
14299
14301
14302
14303
14304
14306
14307
14309
14310
14312
14313
14314
14315
14317
14318
14320
14323
14324
14325
14326
14327
14328
14330
14332
14333
14335
14338
14339
14340
14341
14342
14343
14344
14346
14348
14349
14350
14351
14352
14353
14356
14358
14359
14360
14361
14364
14366
14367
14368
14374
14375
14376
14377
14378
14379
14381
14382
14383
14384
14388
14389
14392
14393
14394
14395
14396
14397
14398
14400
14401
14402
14404
14405
14406
14407
14408
14411
14414
14415
14416
14420
14422
14424
14425
14426
14428
14429
14432
14435
14436
14437
14438
14440
14441
14442
14445
14447
14448
14450
14451
14453
14454
14456
14457
14458
14460
14465
14466
14467
14468
14470
14472
14473
14474
14476
14477
14478
14479
14481
14482
14483
14484
14485
14486
14487
14488
14489
14490
14491
14493
14494
14495
14496
14497
14498
14499
14501
14502
14503
14504
14505
14506
14507
14508
14509
14510
14511
14512
14513
14515
14516
14517
14518
14519
14520
14525
14526
14527
14528
14529
14530
14531
14532
14534
14535
14536
14537
14538
14539
14541
14543
14544
14545
14546
14549
14550
14551
14554
14558
14559
14560
14561
14562
14566
14567
14568
14570
14571
14572
14574
14575
14577
14578
14579
14580
14582
14584
14586
14587
14589
14590
14591
14592
14594
14595
14596
14598
14599
14600
14602
14603
14605
14606
14608
14609
14611
14612
14613
14617
14618
14620
14621
14622
14624
14625
14626
14627
14628
14629
14630
14631
14633
14635
14637
14638
14640
14642
14644
14645
14647
14648
14650
14651
14652
14653
14655
14656
14657
14658
14659
14661
14662
14664
14666
14667
14668
14669
14671
14674
14676
14678
14679
14680
14681
14683
14684
14686
14688
14690
14691
14693
14694
14696
14697
14698
14700
14701
14702
14703
14704
14706
14707
14708
14709
14710
14711
14712
14714
14715
14717
14719
14721
14723
14725
14726
14729
14732
14733
14735
14736
14737
14738
14739
14740
14741
14742
14743
14744
14746
14747
14749
14750
14752
14753
14754
14755
14757
14758
14760
14761
14762
14767
14769
14770
14771
14774
14775
14776
14777
14779
14780
14782
14783
14784
14786
14787
14788
14791
14792
14793
14795
14796
14798
14799
14802
14803
14805
14806
14807
14809
14810
14811
14812
14813
14814
14815
14816
14817
14818
14819
14820
14822
14823
14824
14825
14826
14827
14828
14829
14830
14831
14832
14833
14835
14836
14838
14839
14840
14841
14842
14843
14844
14845
14846
14847
14848
14851
14852
14853
14854
14855
14856
14857
14858
14859
14861
14862
14863
14867
14868
14870
14874
14877
14879
14880
14883
14884
14888
14889
14890
14891
14892
14893
14895
14896
14897
14899
14900
14901
14902
14903
14905
14907
14908
14911
14912
14913
14915
14917
14918
14919
14920
14921
14922
14923
14926
14927
14929
14931
14933
14935
14936
14938
14939
14940
14942
14943
14944
14945
14948
14949
14950
14951
14952
14954
14955
14956
14957
14958
14959
14960
14961
14963
14965
14966
14967
14969
14972
14973
14974
14975
14977
14978
14979
14981
14982
14983
14984
14988
14989
14990
14991
14992
14993
14994
14995
14996
14997
15000
15001
15003
15005
15006
15007
15008
15009
15011
15012
15013
15014
15015
15016
15017
15018
15020
15022
15024
15027
15029
15031
15032
15033
15034
15036
15037
15038
15039
15040
15041
15042
15043
15044
15045
15047
15049
15052
15053
15056
15057
15058
15060
15062
15063
15064
15065
15066
15067
15068
15069
15070
15071
15072
15073
15074
15075
15076
15079
15080
15083
15084
15085
15086
15087
15088
15089
15090
15092
15093
15094
15095
15096
15098
15099
15102
15104
15105
15106
15107
15109
15110
15111
15113
15115
15116
15119
15120
15121
15123
15125
15126
15127
15128
15129
15130
15132
15133
15134
15135
15137
15138
15139
15141
15142
15143
15145
15148
15149
15150
15151
15152
15153
15156
15157
15159
15160
15161
15162
15163
15165
15166
15167
15168
15169
15170
15172
15173
15174
15176
15177
15178
15179
15180
15181
15182
15183
15184
15185
15186
15187
15188
15189
15191
15192
15196
15198
15200
15201
15202
15203
15205
15206
15207
15208
15209
15212
15213
15214
15216
15217
15218
15220
15222
15223
15225
15226
15227
15229
15230
15231
15233
15236
15237
15238
15239
15240
15242
15245
15246
15247
15248
15249
15250
15251
15253
15254
15255
15256
15257
15258
15259
15260
15261
15262
15263
15264
15265
15266
15267
15268
15269
15270
15271
15273
15274
15275
15276
15277
15278
15279
15281
15283
15284
15286
15287
15288
15289
15291
15292
15293
15294
15295
15296
15297
15299
15300
15301
15302
15303
15304
15306
15307
15308
15310
15312
15314
15315
15316
15317
15318
15319
15320
15321
15322
15323
15324
15326
15327
15329
15331
15332
15333
15334
15335
15336
15338
15339
15340
15342
15344
15345
15348
15349
15351
15353
15354
15356
15357
15358
15360
15361
15362
15363
15364
15366
15367
15368
15369
15370
15371
15372
15373
15374
15375
15378
15381
15382
15383
15384
15385
15386
15387
15390
15392
15393
15395
15397
15399
15400
15401
15403
15404
15405
15407
15409
15410
15412
15413
15416
15417
15418
15419
15420
15421
15425
15426
15428
15429
15430
15431
15432
15433
15434
15435
15436
15437
15438
15439
15440
15442
15444
15445
15446
15447
15448
15449
15450
15452
15455
15456
15458
15459
15460
15462
15464
15465
15466
15467
15468
15469
15470
15472
15473
15474
15475
15476
15477
15478
15479
15480
15481
15482
15483
15484
15485
15488
15492
15493
15494
15495
15496
15497
15499
15501
15503
15505
15509
15510
15511
15512
15513
15515
15525
15526
15531
15532
15533
15534
15535
15537
15538
15539
15541
15542
15543
15544
15546
15547
15548
15549
15550
15551
15555
15556
15557
15558
15559
15560
15562
15564
15565
15566
15567
15568
15569
15570
15571
15573
15574
15578
15579
15580
15582
15583
15584
15585
15586
15587
15588
15589
15590
15592
15593
15594
15595
15597
15599
15600
15601
15603
15604
15606
15608
15610
15611
15613
15615
15616
15617
15618
15619
15620
15621
15623
15624
15625
15626
15627
15631
15632
15633
15634
15635
15639
15642
15643
15645
15646
15647
15648
15650
15651
15654
15656
15657
15659
15660
15662
15664
15665
15666
15668
15669
15671
15672
15673
15674
15675
15677
15678
15679
15680
15681
15682
15683
15684
15686
15688
15689
15690
15691
15692
15694
15695
15696
15697
15698
15699
15701
15704
15705
15707
15708
15710
15711
15712
15713
15717
15718
15719
15721
15722
15723
15724
15725
15726
15727
15728
15729
15730
15731
15732
15733
15734
15737
15738
15740
15742
15743
15744
15745
15746
15748
15750
15752
15753
15754
15756
15757
15758
15759
15760
15762
15763
15765
15766
15767
15768
15769
15770
15771
15772
15773
15774
15775
15776
15777
15778
15779
15783
15784
15785
15787
15790
15791
15792
15793
15795
15797
15799
15800
15801
15803
15804
15805
15806
15807
15808
15809
15810
15811
15812
15813
15814
15815
15816
15817
15818
15819
15820
15821
15822
15823
15827
15828
15830
15833
15834
15835
15836
15837
15838
15839
15840
15841
15843
15844
15845
15846
15847
15848
15849
15851
15852
15853
15854
15855
15857
15860
15861
15863
15865
15866
15867
15868
15869
15871
15872
15873
15875
15876
15878
15879
15881
15883
15884
15886
15890
15891
15892
15893
15894
15895
15896
15898
15899
15900
15902
15903
15905
15906
15907
15910
15911
15912
15913
15914
15915
15917
15918
15919
15920
15921
15922
15923
15924
15929
15930
15931
15932
15934
15935
15936
15937
15938
15939
15940
15941
15942
15943
15946
15948
15949
15950
15952
15954
15955
15957
15958
15959
15962
15963
15964
15965
15966
15967
15971
15972
15973
15974
15975
15976
15978
15979
15980
15981
15982
15985
15987
15989
15991
15993
15994
15996
15998
16000
16002
16004
16005
16006
16007
16008
16009
16013
16014
16015
16016
16017
16018
16020
16021
16022
16023
16024
16025
16027
16029
16030
16031
16032
16033
16034
16037
16038
16039
16040
16042
16043
16045
16046
16048
16049
16051
16054
16055
16056
16057
16058
16059
16060
16061
16064
16065
16066
16067
16068
16069
16070
16071
16072
16075
16076
16077
16079
16080
16081
16084
16085
16087
16090
16091
16092
16093
16094
16095
16096
16098
16100
16101
16103
16105
16107
16109
16111
16112
16114
16116
16117
16118
16119
16121
16122
16123
16124
16125
16127
16129
16130
16132
16133
16134
16135
16136
16137
16138
16140
16141
16143
16146
16147
16150
16152
16153
16154
16155
16156
16157
16159
16161
16162
16163
16164
16168
16169
16171
16172
16173
16174
16175
16176
16178
16179
16180
16181
16182
16183
16184
16185
16186
16187
16189
16190
16191
16193
16195
16196
16199
16201
16202
16204
16205
16206
16207
16209
16212
16215
16216
16218
16219
16220
16222
16225
16226
16228
16229
16230
16231
16232
16233
16234
16236
16237
16240
16241
16242
16243
16244
16247
16249
16250
16251
16252
16253
16255
16256
16257
16258
16259
16260
16264
16265
16268
16270
16271
16272
16273
16274
16275
16276
16277
16278
16279
16281
16282
16283
16284
16285
16288
16289
16290
16292
16293
16294
16295
16296
16297
16299
16300
16301
16302
16303
16304
16305
16307
16308
16309
16310
16312
16315
16316
16317
16318
16319
16321
16322
16323
16325
