3
12
22
28
40
51
53
56
88
90
104
115
132
134
145
157
158
163
171
188
191
193
195
237
239
242
247
253
257
267
279
288
298
299
301
314
315
336
351
385
386
396
446
448
452
460
479
486
492
499
515
517
539
541
554
556
559
602
625
627
635
644
676
678
683
690
694
704
709
714
733
764
791
796
813
822
830
837
841
848
849
851
857
872
875
884
889
918
938
940
956
962
970
986
992
1005
1043
1058
1062
1077
1078
1080
1093
1146
1167
1169
1185
1187
1190
1214
1218
1225
1227
1244
1249
1255
1267
1269
1278
1287
1288
1292
1297
1300
1306
1334
1340
1343
1345
1360
1367
1380
1400
1411
1419
1421
1430
1440
1451
1452
1455
1461
1471
1484
1496
1498
1503
1508
1513
1534
1541
1542
1550
1561
1581
1585
1607
1617
1627
1628
1632
1641
1642
1651
1671
1682
1694
1705
1707
1714
1726
1732
1744
1756
1775
1779
1783
1791
1801
1808
1814
1815
1821
1832
1838
1868
1875
1879
1885
1888
1892
1893
1903
1945
1951
1967
1971
1985
1989
1998
1999
2004
2020
2040
2057
2086
2102
2109
2119
2120
2152
2158
2166
2180
2209
2235
2244
2247
2250
2251
2277
2293
2306
2314
2320
2327
2328
2344
2345
2362
2367
2386
2415
2422
2443
2454
2481
2501
2504
2525
2536
2539
2574
2600
2608
2609
2626
2632
2636
2657
2668
2671
2682
2683
2692
2697
2707
2715
2733
2753
2762
2766
2779
2781
2787
2813
2819
2827
2838
2844
2864
2887
2893
2917
2919
2941
2943
2954
2955
2958
2959
2962
2980
3015
3021
3044
3045
3048
3060
3065
3076
3080
3082
3086
3103
3106
3107
3108
3119
3121
3130
3145
3169
3194
3195
3199
3216
3225
3240
3247
3272
3277
3280
3286
3287
3294
3300
3301
3307
3315
3335
3346
3355
3361
3392
3394
3404
3407
3433
3443
3446
3456
3472
3473
3477
3478
3487
3516
3566
3574
3577
3587
3629
3635
3642
3643
3647
3652
3656
3660
3674
3678
3679
3684
3690
3698
3709
3716
3731
3738
3766
3771
3774
3781
3790
3826
3830
3834
3838
3848
3851
3856
3865
3875
3897
3901
3904
3915
3937
3964
3983
3986
3988
3998
4029
4034
4049
4056
4062
4073
4090
4092
4097
4100
4105
4108
4135
4138
4148
4157
4162
4168
4186
4205
4208
4214
4234
4249
4262
4273
4286
4297
4298
4299
4303
4315
4348
4351
4357
4362
4363
4364
4367
4381
4386
4389
4390
4392
4395
4398
4411
4417
4421
4431
4432
4442
4446
4455
4457
4460
4462
4472
4486
4488
4494
4495
4503
4510
4513
4518
4521
4522
4529
4542
4548
4552
4556
4562
4599
4604
4607
4612
4613
4619
4646
4649
4671
4672
4679
4687
4702
4705
4708
4710
4727
4735
4737
4749
4754
4757
4766
4785
4795
4799
4802
4812
4819
4825
4827
4829
4842
4844
4846
4870
4873
4881
4885
4886
4908
4911
4925
4927
4928
4933
4934
4935
4942
4943
4957
4974
4985
4993
5011
5017
5018
5027
5037
5041
5046
5052
5060
5062
5066
5067
5073
5079
5085
5091
5093
5098
5101
5106
5107
5155
5156
5159
5169
5171
5177
5181
5190
5202
5203
5259
5269
5282
5284
5296
5304
5314
5319
5321
5330
5345
5346
5360
5361
5362
5368
5415
5418
5420
5424
5433
5443
5445
5453
5455
5460
5471
5481
5484
5513
5519
5533
5547
5553
5567
5578
5579
5601
5605
5607
5609
5628
5640
5668
5669
5672
5677
5681
5687
5699
5703
5714
5721
5783
5802
5812
5833
5843
5858
5863
5874
5877
5888
5890
5906
5907
5912
5914
5948
5955
5959
5997
6002
6004
6010
6018
6045
6066
6069
6075
6076
6093
6097
6098
6100
6120
6124
6126
6131
6133
6135
6154
6157
6158
6167
6172
6174
6177
6187
6205
6208
6215
6221
6232
6239
6251
6260
6267
6300
6313
6326
6349
6350
6360
6364
6365
6366
6387
6412
6442
6446
6448
6471
6478
6486
6512
6516
6528
6530
6532
6540
6543
6554
6567
6569
6572
6576
6587
6604
6615
6630
6653
6656
6659
6675
6692
6702
6744
6748
6756
6764
6775
6777
6781
6800
6845
6858
6868
6889
6915
6919
6932
6938
6941
6957
6966
6980
6985
6991
6992
7010
7013
7030
7044
7064
7066
7068
7070
7097
7121
7130
7132
7162
7172
7182
7183
7201
7203
7208
7212
7226
7230
7238
7247
7258
7268
7272
7275
7280
7281
7290
7292
7293
7299
7322
7335
7339
7359
7363
7373
7374
7379
7394
7401
7412
7441
7453
7454
7460
7467
7476
7481
7491
7517
7521
7544
7555
7562
7569
7571
7576
7583
7588
7599
7611
7612
7614
7617
7621
7646
7652
7666
7669
7671
7674
7677
7679
7681
7688
7689
7691
7693
7713
7736
7738
7741
7752
7755
7761
7775
7781
7782
7785
7796
7829
7835
7861
7865
7867
7878
7900
7902
7925
7934
7939
7941
7947
7953
7957
7960
7972
8012
8015
8016
8021
8057
8058
8062
8063
8066
8086
8090
8094
8101
8102
8105
8111
8121
8128
8146
8167
8172
8174
8190
8219
8229
8233
8251
8276
8284
8290
8327
8332
8348
8350
8373
8388
8393
8394
8402
8403
8405
8413
8419
8427
8447
8456
8459
8484
8489
8501
8530
8540
8553
8561
8563
8569
8576
8578
8585
8592
8596
8600
8606
8613
8622
8633
8635
8639
8641
8654
8680
8681
8693
8697
8715
8776
8795
8797
8802
8813
8820
8833
8844
8847
8848
8852
8859
8875
8884
8895
8897
8903
8916
8933
8942
8947
8952
8963
8984
8985
8994
9008
9035
9043
9048
9049
9055
9061
9068
9130
9136
9176
9195
9203
9208
9223
9230
9234
9246
9248
9252
9271
9286
9312
9319
9333
9393
9402
9430
9431
9451
9455
9471
9473
9476
9505
9511
9527
9535
9541
9545
9549
9567
9591
9613
9619
9634
9644
9679
9692
9696
9710
9724
9728
9737
9748
9754
9758
9772
9784
9812
9826
9831
9834
9839
9848
9851
9859
9868
9879
9882
9883
9894
9908
9919
9924
9928
9929
9933
9934
9953
9954
9956
9959
9967
9971
9974
9980
9991
9993
10003
10009
10016
10022
10032
10045
10046
10050
10053
10062
10071
10074
10089
10090
10107
10129
10134
10135
10136
10154
10165
10178
10181
10185
10193
10231
10239
10261
10269
10275
10277
10291
10307
10331
10335
10368
10399
10421
10425
10426
10429
10446
10447
10457
10473
10478
10479
10514
10519
10520
10526
10527
10533
10551
10559
10587
10594
10598
10599
10613
10614
10618
10643
10647
10653
10659
10662
10663
10665
10688
10719
10720
10731
10738
10739
10753
10754
10756
10760
10766
10767
10781
10783
10789
10792
10799
10800
10805
10815
10820
10824
10844
10860
10874
10903
10918
10939
10946
10949
10957
10974
11003
11010
11017
11035
11050
11057
11064
11068
11078
11079
11102
11104
11116
11131
11134
11142
11146
11154
11159
11163
11170
11180
11197
11216
11219
11229
11231
11245
11248
11255
11268
11272
11298
11302
11358
11375
11381
11418
11422
11433
11435
11448
11463
11464
11469
11478
11485
11500
11506
11514
11516
11590
11592
11639
11650
11657
11660
11661
11681
11686
11692
11705
11737
11752
11766
11782
11795
11816
11838
11850
11861
11870
11893
11899
11904
11912
11932
11933
11945
11949
11955
11960
11963
11965
11968
11969
11977
11982
11984
11986
11992
11997
12006
12009
12012
12039
12042
12053
12054
12063
12066
12077
12080
12095
12127
12134
12135
12152
12154
12167
12169
12204
12235
12256
12261
12272
12275
12276
12288
12312
12348
12349
12350
12368
12382
12384
12387
12388
12402
12405
12412
12415
12418
12422
12430
12435
12446
12459
12463
12464
12465
12470
12493
12494
12504
12515
12516
12517
12525
12531
12544
12551
12563
12584
12591
12608
12616
12624
12626
12633
12662
12672
12693
12703
12723
12725
12729
12731
12740
12784
12785
12797
12799
12801
12813
12847
12856
12858
12862
12864
12873
12894
12911
12930
12932
12950
12989
12991
12995
13005
13013
13035
13054
13056
13064
13074
13099
13104
13108
13109
13115
13117
13119
13133
13209
13215
13216
13217
13230
13240
13247
13249
13256
13273
13277
13279
13289
13290
13297
13303
13305
13316
13317
13332
13339
13346
13374
13380
13381
13388
13395
13397
13401
13405
13406
13412
13430
13438
13450
13451
13459
13464
13474
13489
13501
13517
13523
13531
13544
13545
13569
13573
13581
13586
13588
13595
13611
13617
13661
13667
13685
13688
13698
13719
13754
13763
13795
13796
13800
13803
13812
13818
13824
13830
13855
13877
13878
13881
13883
13887
13896
13898
13900
13902
13929
13943
13960
13961
13962
13972
13979
13995
14003
14011
14048
14059
14089
14098
14111
14142
14144
14150
14152
14159
14191
14209
14229
14238
14245
14257
14286
14303
14309
14313
14322
14328
14332
14397
14402
14406
14411
14424
14433
14443
14446
14447
14466
14475
14488
14494
14499
14502
14515
14517
14520
14526
14545
14566
14568
14574
14609
14615
14618
14624
14628
14650
14657
14659
14666
14667
14673
14681
14682
14683
14688
14693
14697
14698
14707
14708
14709
14715
14717
14722
14725
14726
14747
14761
14767
14789
14798
14807
14812
14826
14835
14887
14896
14903
14926
14934
14969
14988
14995
15025
15051
15052
15054
15060
15062
15063
15067
15074
15085
15091
15096
15098
15100
15101
15109
15148
15155
15163
15171
15175
15186
15217
15225
15226
15237
15238
15249
15280
15289
15305
15312
15324
15327
15338
15340
15347
15354
15356
15365
15378
15380
15385
15398
15402
15450
15454
15460
15466
15469
15492
15501
15521
15533
15540
15547
15558
15564
15569
15584
15613
15619
15620
15630
15633
15647
15660
15682
15705
15711
15715
15716
15729
15733
15749
15752
15787
15811
15822
15823
15829
15831
15839
15842
15853
15861
15874
15899
15907
15922
15934
15948
15958
15964
15969
15986
16024
16035
16054
16058
16067
16070
16074
16081
16082
16099
16114
16128
16144
16146
16147
16164
16182
16198
16204
16214
16226
16229
16230
16239
16242
16248
16255
16256
16261
16276
16282
16286
16299
16302
16308
16312
16314
16315
